1.406406247148188413e+02 1.800468749049396138e+02
9.798437604566422010e+01 1.709062501901207725e+02
1.284531250950603862e+02 1.617656254753019311e+02
1.162656254753019169e+02 1.495781258555434476e+02
1.315000000000000000e+02 1.556718756654226752e+02
1.132187505703623032e+02 1.800468749049396138e+02
1.071250007604830614e+02 1.709062501901207725e+02
1.040781258555434476e+02 1.709062501901207725e+02
1.071250007604830614e+02 1.739531250950603862e+02
1.162656254753019169e+02 1.800468749049396138e+02
1.101718756654226752e+02 1.770000000000000000e+02
1.040781258555434476e+02 1.800468749049396138e+02
1.071250007604830614e+02 1.800468749049396138e+02
1.101718756654226752e+02 1.830937498098792275e+02
1.101718756654226752e+02 1.830937498098792275e+02
1.010312509506038339e+02 1.891874996197584551e+02
1.132187505703623032e+02 1.891874996197584551e+02
1.071250007604830614e+02 1.922343745246980689e+02
1.101718756654226752e+02 1.830937498098792275e+02
1.101718756654226752e+02 1.922343745246980689e+02
1.193125003802415307e+02 2.013749992395169386e+02
1.464687497312625055e+02 1.775000000000000000e+02
9.459375080621246923e+01 1.775000000000000000e+02
1.335000000000000000e+02 1.645312502687374945e+02
1.140468754031062417e+02 1.775000000000000000e+02
1.270156251343687472e+02 1.710156251343687472e+02
1.010781256718437220e+02 1.937109371640781319e+02
1.205312502687374945e+02 1.904687497312625055e+02
1.108046879702906011e+02 1.742578125671843736e+02
1.140468754031062417e+02 1.742578125671843736e+02
1.464687497312625055e+02 1.710156251343687472e+02
1.497109371640781319e+02 1.580468754031062417e+02
1.432265622984468791e+02 1.580468754031062417e+02
1.172890628359218681e+02 1.742578125671843736e+02
9.459375080621246923e+01 1.807421874328156264e+02
1.140468754031062417e+02 1.742578125671843736e+02
1.432265622984468791e+02 1.710156251343687472e+02
1.108046879702906011e+02 1.742578125671843736e+02
1.010781256718437220e+02 1.969531245968937583e+02
1.010781256718437220e+02 1.904687497312625055e+02
1.075625005374749747e+02 1.775000000000000000e+02
1.237734377015531209e+02 2.034374994625250110e+02
1.468124999880674295e+02 1.802031249970168574e+02
9.876562503281456884e+01 1.737968750029831426e+02
1.147812500178988557e+02 1.673906250089494279e+02
1.147812500178988557e+02 1.705937500059662852e+02
1.307968750029831426e+02 1.705937500059662852e+02
1.051718750268482836e+02 1.930156249850842869e+02
1.083750000238651410e+02 1.834062499940337148e+02
1.083750000238651410e+02 1.770000000000000000e+02
1.083750000238651410e+02 1.770000000000000000e+02
1.468124999880674295e+02 1.705937500059662852e+02
1.179843750149157131e+02 1.770000000000000000e+02
1.019687500298314262e+02 1.802031249970168574e+02
1.115781250208819984e+02 1.802031249970168574e+02
9.876562503281456884e+01 1.737968750029831426e+02
1.147812500178988557e+02 1.802031249970168574e+02
9.556250003579771146e+01 1.673906250089494279e+02
1.147812500178988557e+02 1.802031249970168574e+02
1.051718750268482836e+02 1.930156249850842869e+02
9.876562503281456884e+01 1.705937500059662852e+02
1.051718750268482836e+02 1.737968750029831426e+02
1.275937500059662852e+02 2.026249999761348590e+02
1.463124999880674295e+02 1.802031249970168574e+02
9.826562503281456884e+01 1.802031249970168574e+02
1.367031249970168574e+02 1.641875000119325705e+02
1.174843750149157131e+02 1.770000000000000000e+02
1.270937500059662852e+02 1.737968750029831426e+02
1.367031249970168574e+02 1.770000000000000000e+02
1.206875000119325705e+02 1.802031249970168574e+02
1.335000000000000000e+02 1.737968750029831426e+02
1.174843750149157131e+02 1.770000000000000000e+02
1.495156249850842869e+02 1.705937500059662852e+02
1.527187499821011443e+02 1.609843750149157131e+02
1.399062499940337148e+02 1.834062499940337148e+02
1.174843750149157131e+02 1.770000000000000000e+02
9.506250003579771146e+01 1.770000000000000000e+02
1.463124999880674295e+02 1.673906250089494279e+02
1.463124999880674295e+02 1.705937500059662852e+02
1.110781250208819984e+02 1.770000000000000000e+02
9.185937503878085408e+01 1.866093749910505721e+02
1.014687500298314262e+02 1.930156249850842869e+02
1.110781250208819984e+02 1.770000000000000000e+02
1.270937500059662852e+02 2.026249999761348590e+02
1.481562494283280387e+02 1.796640623570820026e+02
9.753125171501588397e+01 1.796640623570820026e+02
1.386640623570820026e+02 1.638437505716719613e+02
1.481562494283280387e+02 1.543515635004259252e+02
1.291718752858359949e+02 1.701718752858359949e+02
1.355000000000000000e+02 1.765000000000000000e+02
1.165156258575079420e+02 1.828281247141640051e+02
1.133515635004259394e+02 1.765000000000000000e+02
1.165156258575079420e+02 1.765000000000000000e+02
1.481562494283280387e+02 1.701718752858359949e+02
1.323359376429179974e+02 1.891562494283280387e+02
1.449921870712460361e+02 1.575156258575079562e+02
1.196796882145899588e+02 1.765000000000000000e+02
1.513203117854100412e+02 1.701718752858359949e+02
1.513203117854100412e+02 1.575156258575079562e+02
1.449921870712460361e+02 1.701718752858359949e+02
1.070234387862619201e+02 1.701718752858359949e+02
9.120312700085187885e+01 1.891562494283280387e+02
1.006953140720979007e+02 1.923203117854100412e+02
1.101875011433439226e+02 1.765000000000000000e+02
1.260078129287539781e+02 2.018124988566560774e+02
1.481718752858359949e+02 1.786640623570820026e+02
1.260234387862619201e+02 1.755000000000000000e+02
1.323515635004259252e+02 1.976484364995740748e+02
1.513359376429179974e+02 1.660078129287539639e+02
1.386796882145899588e+02 1.849921870712460361e+02
1.133671893579338814e+02 2.071406235708200825e+02
1.481718752858359949e+02 1.976484364995740748e+02
1.291875011433439226e+02 1.755000000000000000e+02
1.639921870712460361e+02 1.628437505716719613e+02
1.545000000000000000e+02 1.660078129287539639e+02
1.545000000000000000e+02 1.849921870712460361e+02
1.545000000000000000e+02 1.691718752858359949e+02
1.545000000000000000e+02 1.565156258575079562e+02
1.513359376429179974e+02 1.660078129287539639e+02
1.513359376429179974e+02 1.660078129287539639e+02
1.481718752858359949e+02 1.660078129287539639e+02
1.576640623570820026e+02 1.660078129287539639e+02
1.165312517150158840e+02 2.197968729991481212e+02
1.165312517150158840e+02 1.628437505716719613e+02
1.608281247141640051e+02 1.628437505716719613e+02
1.608281247141640051e+02 2.008124988566560774e+02
1.501562494283280387e+02 1.786640623570820026e+02
1.026953140720979007e+02 1.755000000000000000e+02
9.953125171501588397e+01 1.755000000000000000e+02
1.121875011433439226e+02 1.660078129287539639e+02
1.280078129287539639e+02 1.660078129287539639e+02
1.280078129287539639e+02 1.913203117854100412e+02
1.280078129287539639e+02 1.913203117854100412e+02
9.953125171501588397e+01 1.755000000000000000e+02
1.153515635004259394e+02 1.755000000000000000e+02
1.501562494283280387e+02 1.691718752858359949e+02
1.533203117854100412e+02 1.565156258575079562e+02
1.469921870712460361e+02 1.565156258575079562e+02
1.216796882145899588e+02 1.723359376429179974e+02
1.564843741424920438e+02 1.723359376429179974e+02
1.216796882145899588e+02 1.691718752858359949e+02
1.469921870712460361e+02 1.660078129287539639e+02
1.501562494283280387e+02 1.786640623570820026e+02
1.185156258575079420e+02 1.944843741424920438e+02
1.280078129287539639e+02 1.881562494283280387e+02
1.596484364995740748e+02 1.723359376429179974e+02
1.311718752858359949e+02 2.008124988566560774e+02
1.556562503315653885e+02 1.755000000000000000e+02
1.097187483421729866e+02 1.678437496684346115e+02
1.403437496684346115e+02 1.640156245026518889e+02
1.556562503315653885e+02 1.525312490053037777e+02
1.441718748342173058e+02 1.601874993368691946e+02
1.212031238395210835e+02 1.908125006631308054e+02
1.173749986737383892e+02 1.831562503315653885e+02
1.173749986737383892e+02 1.831562503315653885e+02
1.173749986737383892e+02 1.831562503315653885e+02
1.326874993368691946e+02 1.831562503315653885e+02
1.097187483421729866e+02 1.984687509946962223e+02
1.173749986737383892e+02 1.908125006631308054e+02
1.173749986737383892e+02 1.869843754973481111e+02
1.135468735079556950e+02 1.831562503315653885e+02
1.135468735079556950e+02 1.869843754973481111e+02
1.135468735079556950e+02 1.869843754973481111e+02
1.212031238395210835e+02 1.869843754973481111e+02
1.135468735079556950e+02 1.908125006631308054e+02
1.173749986737383892e+02 1.946406258289134996e+02
1.135468735079556950e+02 1.869843754973481111e+02
1.633125006631308054e+02 2.022968761604789165e+02
5.479999999999999716e+01 2.225000000000000000e+02
4.679999999999999716e+01 2.256999999999999886e+02
4.679999999999999716e+01 2.256999999999999886e+02
4.839999999999999858e+01 2.256999999999999886e+02
5.320000000000000284e+01 2.256999999999999886e+02
4.679999999999999716e+01 2.289000000000000057e+02
4.360000000000000142e+01 2.256999999999999886e+02
4.839999999999999858e+01 2.209000000000000057e+02
5.160000000000000142e+01 2.209000000000000057e+02
4.679999999999999716e+01 2.336999999999999886e+02
4.200000000000000000e+01 2.240999999999999943e+02
4.200000000000000000e+01 2.305000000000000000e+02
5.160000000000000142e+01 2.193000000000000114e+02
5.000000000000000000e+01 2.225000000000000000e+02
5.160000000000000142e+01 2.320999999999999943e+02
5.160000000000000142e+01 2.273000000000000114e+02
5.160000000000000142e+01 2.240999999999999943e+02
4.839999999999999858e+01 2.240999999999999943e+02
4.520000000000000284e+01 2.256999999999999886e+02
4.360000000000000142e+01 2.256999999999999886e+02
5.160000000000000142e+01 2.240999999999999943e+02
5.800000000000000000e+01 2.205000000000000000e+02
4.520000000000000284e+01 2.253000000000000114e+02
4.839999999999999858e+01 2.236999999999999886e+02
4.839999999999999858e+01 2.236999999999999886e+02
5.160000000000000142e+01 2.236999999999999886e+02
4.839999999999999858e+01 2.236999999999999886e+02
4.839999999999999858e+01 2.253000000000000114e+02
4.679999999999999716e+01 2.205000000000000000e+02
5.639999999999999858e+01 2.205000000000000000e+02
5.000000000000000000e+01 2.300999999999999943e+02
5.479999999999999716e+01 2.253000000000000114e+02
4.679999999999999716e+01 2.236999999999999886e+02
5.639999999999999858e+01 2.205000000000000000e+02
4.839999999999999858e+01 2.253000000000000114e+02
5.000000000000000000e+01 2.300999999999999943e+02
5.320000000000000284e+01 2.189000000000000057e+02
6.279999999999999716e+01 2.173000000000000114e+02
4.679999999999999716e+01 2.205000000000000000e+02
4.039999999999999858e+01 2.205000000000000000e+02
4.360000000000000142e+01 2.253000000000000114e+02
5.479999999999999716e+01 2.140999999999999943e+02
5.729999999999999716e+01 2.205999999999999943e+02
4.770000000000000284e+01 2.238000000000000114e+02
4.929999999999999716e+01 2.221999999999999886e+02
4.929999999999999716e+01 2.221999999999999886e+02
5.089999999999999858e+01 2.221999999999999886e+02
5.089999999999999858e+01 2.205999999999999943e+02
4.289999999999999858e+01 2.238000000000000114e+02
4.929999999999999716e+01 2.174000000000000057e+02
5.410000000000000142e+01 2.190000000000000000e+02
4.450000000000000000e+01 2.254000000000000057e+02
5.410000000000000142e+01 2.270000000000000000e+02
4.610000000000000142e+01 2.270000000000000000e+02
5.729999999999999716e+01 2.221999999999999886e+02
5.089999999999999858e+01 2.190000000000000000e+02
4.770000000000000284e+01 2.285999999999999943e+02
5.570000000000000284e+01 2.285999999999999943e+02
5.729999999999999716e+01 2.190000000000000000e+02
4.610000000000000142e+01 2.190000000000000000e+02
4.610000000000000142e+01 2.221999999999999886e+02
4.610000000000000142e+01 2.270000000000000000e+02
6.529999999999999716e+01 2.158000000000000114e+02
1.402578124374904291e+02 1.805859374791634764e+02
1.001406252083652362e+02 1.682421875625095709e+02
1.279140625208365236e+02 1.620703126041826181e+02
1.155703126041826181e+02 1.497265626875287126e+02
1.310000000000000000e+02 1.528125001666921889e+02
1.001406252083652362e+02 1.589843751250191417e+02
1.063125001666921889e+02 1.682421875625095709e+02
1.032265626875287126e+02 1.713281250416730472e+02
1.063125001666921889e+02 1.744140625208365236e+02
1.155703126041826181e+02 1.775000000000000000e+02
1.063125001666921889e+02 1.744140625208365236e+02
1.032265626875287126e+02 1.775000000000000000e+02
1.093984376458556653e+02 1.805859374791634764e+02
1.093984376458556653e+02 1.836718749583269528e+02
1.093984376458556653e+02 1.805859374791634764e+02
9.396875025003828341e+01 1.682421875625095709e+02
1.124843751250191417e+02 1.898437499166539055e+02
1.093984376458556653e+02 1.898437499166539055e+02
1.063125001666921889e+02 1.775000000000000000e+02
9.396875025003828341e+01 1.682421875625095709e+02
1.186562500833460945e+02 2.021874998333078111e+02
7.059999999999999432e+01 2.190000000000000000e+02
4.820000000000000284e+01 2.238000000000000114e+02
4.979999999999999716e+01 2.221999999999999886e+02
4.979999999999999716e+01 2.221999999999999886e+02
5.139999999999999858e+01 2.221999999999999886e+02
4.820000000000000284e+01 2.238000000000000114e+02
8.020000000000000284e+01 2.190000000000000000e+02
6.420000000000000284e+01 2.254000000000000057e+02
6.420000000000000284e+01 2.205999999999999943e+02
5.300000000000000000e+01 2.270000000000000000e+02
5.460000000000000142e+01 2.270000000000000000e+02
4.820000000000000284e+01 2.254000000000000057e+02
6.579999999999999716e+01 2.190000000000000000e+02
5.939999999999999858e+01 2.190000000000000000e+02
5.779999999999999716e+01 2.238000000000000114e+02
5.460000000000000142e+01 2.238000000000000114e+02
6.740000000000000568e+01 2.174000000000000057e+02
4.660000000000000142e+01 2.158000000000000114e+02
6.579999999999999716e+01 2.205999999999999943e+02
4.660000000000000142e+01 2.254000000000000057e+02
7.059999999999999432e+01 2.190000000000000000e+02
7.309999999999999432e+01 2.185999999999999943e+02
5.070000000000000284e+01 2.218000000000000114e+02
5.070000000000000284e+01 2.218000000000000114e+02
5.229999999999999716e+01 2.218000000000000114e+02
6.670000000000000284e+01 2.185999999999999943e+02
5.389999999999999858e+01 2.201999999999999886e+02
8.590000000000000568e+01 2.201999999999999886e+02
8.590000000000000568e+01 2.201999999999999886e+02
8.109999999999999432e+01 2.154000000000000057e+02
7.950000000000000000e+01 2.154000000000000057e+02
8.590000000000000568e+01 2.154000000000000057e+02
8.270000000000000284e+01 2.138000000000000114e+02
7.950000000000000000e+01 2.170000000000000000e+02
7.790000000000000568e+01 2.154000000000000057e+02
8.590000000000000568e+01 2.170000000000000000e+02
8.109999999999999432e+01 2.138000000000000114e+02
7.950000000000000000e+01 2.154000000000000057e+02
8.270000000000000284e+01 2.154000000000000057e+02
8.429999999999999716e+01 2.170000000000000000e+02
8.429999999999999716e+01 2.170000000000000000e+02
7.629999999999999716e+01 2.201999999999999886e+02
7.229999999999999716e+01 2.160000000000000000e+02
8.829999999999999716e+01 2.191999999999999886e+02
5.470000000000000284e+01 2.208000000000000114e+02
5.629999999999999716e+01 2.191999999999999886e+02
6.590000000000000568e+01 2.191999999999999886e+02
5.629999999999999716e+01 2.208000000000000114e+02
8.670000000000000284e+01 2.175999999999999943e+02
8.670000000000000284e+01 2.208000000000000114e+02
6.590000000000000568e+01 2.175999999999999943e+02
8.670000000000000284e+01 2.160000000000000000e+02
8.509999999999999432e+01 2.160000000000000000e+02
8.350000000000000000e+01 2.175999999999999943e+02
7.870000000000000284e+01 2.160000000000000000e+02
8.670000000000000284e+01 2.175999999999999943e+02
8.029999999999999716e+01 2.175999999999999943e+02
8.190000000000000568e+01 2.160000000000000000e+02
7.870000000000000284e+01 2.160000000000000000e+02
5.789999999999999858e+01 2.160000000000000000e+02
8.509999999999999432e+01 2.191999999999999886e+02
8.190000000000000568e+01 2.208000000000000114e+02
7.870000000000000284e+01 2.175999999999999943e+02
7.600000000000000000e+01 2.160000000000000000e+02
8.720000000000000284e+01 2.191999999999999886e+02
5.679999999999999716e+01 2.191999999999999886e+02
5.839999999999999858e+01 2.191999999999999886e+02
7.279999999999999716e+01 2.175999999999999943e+02
5.839999999999999858e+01 2.175999999999999943e+02
5.039999999999999858e+01 2.208000000000000114e+02
6.959999999999999432e+01 2.208000000000000114e+02
6.640000000000000568e+01 2.175999999999999943e+02
8.400000000000000000e+01 2.095999999999999943e+02
6.320000000000000284e+01 2.224000000000000057e+02
8.720000000000000284e+01 2.191999999999999886e+02
6.640000000000000568e+01 2.160000000000000000e+02
6.320000000000000284e+01 2.175999999999999943e+02
6.320000000000000284e+01 2.224000000000000057e+02
6.160000000000000142e+01 2.160000000000000000e+02
6.800000000000000000e+01 2.160000000000000000e+02
6.160000000000000142e+01 2.160000000000000000e+02
5.520000000000000284e+01 2.191999999999999886e+02
5.839999999999999858e+01 2.144000000000000057e+02
6.160000000000000142e+01 2.175999999999999943e+02
7.790000000000000568e+01 2.184000000000000057e+02
5.389999999999999858e+01 2.231999999999999886e+02
5.550000000000000000e+01 2.231999999999999886e+02
7.950000000000000000e+01 2.231999999999999886e+02
7.790000000000000568e+01 2.248000000000000114e+02
5.389999999999999858e+01 2.231999999999999886e+02
5.389999999999999858e+01 2.231999999999999886e+02
5.550000000000000000e+01 2.215999999999999943e+02
6.029999999999999716e+01 2.200000000000000000e+02
6.029999999999999716e+01 2.311999999999999886e+02
6.350000000000000000e+01 2.280000000000000000e+02
6.029999999999999716e+01 2.231999999999999886e+02
6.189999999999999858e+01 2.184000000000000057e+02
5.710000000000000142e+01 2.151999999999999886e+02
5.389999999999999858e+01 2.184000000000000057e+02
6.509999999999999432e+01 2.231999999999999886e+02
6.670000000000000284e+01 2.200000000000000000e+02
5.550000000000000000e+01 2.184000000000000057e+02
5.550000000000000000e+01 2.215999999999999943e+02
5.550000000000000000e+01 2.200000000000000000e+02
6.990000000000000568e+01 2.231999999999999886e+02
1.668124995027610566e+02 1.727656250414365786e+02
1.144687499171268428e+02 2.094062497513805283e+02
7.782812520718289306e+01 2.251093746270707925e+02
1.668124995027610566e+02 1.570625001657463145e+02
1.197031248756902642e+02 1.727656250414365786e+02
4.118750049723893625e+01 1.675312500828731572e+02
6.212500033149262890e+01 1.727656250414365786e+02
8.306250016574631445e+01 1.727656250414365786e+02
1.197031248756902642e+02 1.884687499171268428e+02
4.642187545580235764e+01 2.355781245441976353e+02
8.829687512430973584e+01 2.146406247099439497e+02
1.144687499171268428e+02 1.675312500828731572e+02
1.249374998342536855e+02 1.780000000000000000e+02
7.259375024861947168e+01 2.303437495856342139e+02
8.829687512430973584e+01 2.198749996685073711e+02
1.301718747928171069e+02 1.570625001657463145e+02
1.301718747928171069e+02 1.570625001657463145e+02
5.165625041436578613e+01 2.251093746270707925e+02
7.259375024861947168e+01 2.303437495856342139e+02
1.301718747928171069e+02 1.570625001657463145e+02
1.406406247099439497e+02 1.465937502486194717e+02
5.879999999999999716e+01 2.298000000000000114e+02
4.760000000000000142e+01 2.298000000000000114e+02
5.079999999999999716e+01 2.298000000000000114e+02
5.079999999999999716e+01 2.298000000000000114e+02
5.239999999999999858e+01 2.314000000000000057e+02
5.239999999999999858e+01 2.250000000000000000e+02
4.279999999999999716e+01 2.314000000000000057e+02
4.920000000000000284e+01 2.218000000000000114e+02
4.920000000000000284e+01 2.345999999999999943e+02
4.600000000000000000e+01 2.314000000000000057e+02
5.400000000000000000e+01 2.345999999999999943e+02
4.760000000000000142e+01 2.234000000000000057e+02
5.560000000000000142e+01 2.314000000000000057e+02
5.079999999999999716e+01 2.330000000000000000e+02
4.920000000000000284e+01 2.378000000000000114e+02
4.279999999999999716e+01 2.265999999999999943e+02
4.760000000000000142e+01 2.314000000000000057e+02
4.920000000000000284e+01 2.281999999999999886e+02
3.960000000000000142e+01 2.361999999999999886e+02
4.920000000000000284e+01 2.234000000000000057e+02
5.079999999999999716e+01 2.345999999999999943e+02
5.929999999999999716e+01 2.298000000000000114e+02
4.970000000000000284e+01 2.298000000000000114e+02
5.129999999999999716e+01 2.298000000000000114e+02
5.129999999999999716e+01 2.314000000000000057e+02
5.289999999999999858e+01 2.298000000000000114e+02
5.450000000000000000e+01 2.265999999999999943e+02
4.489999999999999858e+01 2.314000000000000057e+02
4.970000000000000284e+01 2.218000000000000114e+02
5.610000000000000142e+01 2.298000000000000114e+02
4.970000000000000284e+01 2.265999999999999943e+02
4.650000000000000000e+01 2.281999999999999886e+02
4.329999999999999716e+01 2.345999999999999943e+02
4.329999999999999716e+01 2.265999999999999943e+02
5.289999999999999858e+01 2.330000000000000000e+02
4.970000000000000284e+01 2.378000000000000114e+02
5.929999999999999716e+01 2.265999999999999943e+02
5.129999999999999716e+01 2.281999999999999886e+02
5.929999999999999716e+01 2.314000000000000057e+02
4.810000000000000142e+01 2.298000000000000114e+02
4.970000000000000284e+01 2.250000000000000000e+02
5.929999999999999716e+01 2.330000000000000000e+02
6.039999999999999858e+01 2.291999999999999886e+02
5.079999999999999716e+01 2.308000000000000114e+02
5.079999999999999716e+01 2.308000000000000114e+02
5.079999999999999716e+01 2.308000000000000114e+02
5.239999999999999858e+01 2.308000000000000114e+02
5.400000000000000000e+01 2.260000000000000000e+02
4.439999999999999858e+01 2.324000000000000057e+02
5.720000000000000284e+01 2.244000000000000057e+02
5.720000000000000284e+01 2.291999999999999886e+02
4.920000000000000284e+01 2.275999999999999943e+02
5.079999999999999716e+01 2.371999999999999886e+02
4.439999999999999858e+01 2.340000000000000000e+02
5.560000000000000142e+01 2.355999999999999943e+02
5.079999999999999716e+01 2.340000000000000000e+02
4.920000000000000284e+01 2.388000000000000114e+02
5.720000000000000284e+01 2.324000000000000057e+02
4.279999999999999716e+01 2.291999999999999886e+02
4.920000000000000284e+01 2.275999999999999943e+02
4.120000000000000284e+01 2.371999999999999886e+02
5.560000000000000142e+01 2.324000000000000057e+02
4.920000000000000284e+01 2.211999999999999886e+02
1.668828104388213376e+02 1.708593754580396933e+02
1.203203122709801534e+02 2.116015613549007526e+02
1.145000000000000000e+02 2.057812490839205850e+02
1.610624981678411700e+02 1.592187509160794150e+02
1.901640595227419226e+02 1.592187509160794150e+02
4.465625274823821655e+01 1.708593754580396933e+02
6.211718956117866952e+01 1.766796877290198609e+02
9.121875091607941499e+01 1.825000000000000000e+02
1.261406245419602925e+02 1.883203122709801391e+02
4.465625274823821655e+01 1.708593754580396933e+02
8.539843864509926163e+01 2.116015613549007526e+02
9.703906318705955414e+01 1.999609368129404459e+02
1.203203122709801534e+02 1.825000000000000000e+02
6.793750183215881577e+01 2.348828104388213376e+02
8.539843864509926163e+01 2.174218736258808917e+02
1.028593754580397075e+02 2.057812490839205850e+02
1.319609368129404459e+02 1.592187509160794150e+02
5.629687729019851616e+01 2.348828104388213376e+02
7.957812637411910828e+01 2.232421858968610309e+02
9.121875091607941499e+01 2.174218736258808917e+02
1.436015613549007526e+02 1.417578141031389691e+02
1.388281247141640051e+02 1.796640623570820026e+02
9.769531407209790075e+01 1.701718752858359949e+02
1.356640623570820026e+02 1.606796882145899588e+02
1.419921870712460361e+02 1.543515635004259252e+02
1.325000000000000000e+02 1.575156258575079562e+02
1.008593764291799175e+02 1.606796882145899588e+02
1.071875011433439226e+02 1.701718752858359949e+02
1.040234387862619201e+02 1.733359376429179974e+02
1.040234387862619201e+02 1.733359376429179974e+02
1.135156258575079420e+02 1.765000000000000000e+02
1.071875011433439226e+02 1.765000000000000000e+02
1.040234387862619201e+02 1.765000000000000000e+02
1.071875011433439226e+02 1.796640623570820026e+02
1.103515635004259394e+02 1.765000000000000000e+02
1.103515635004259394e+02 1.796640623570820026e+02
9.136718935793388141e+01 1.701718752858359949e+02
1.103515635004259394e+02 1.859921870712460361e+02
1.071875011433439226e+02 1.765000000000000000e+02
9.769531407209790075e+01 1.575156258575079562e+02
1.103515635004259394e+02 1.796640623570820026e+02
1.198437505716719613e+02 2.049765612137380799e+02
6.120000000000000284e+01 2.245999999999999943e+02
5.320000000000000284e+01 2.278000000000000114e+02
5.479999999999999716e+01 2.278000000000000114e+02
5.639999999999999858e+01 2.278000000000000114e+02
5.960000000000000142e+01 2.278000000000000114e+02
5.479999999999999716e+01 2.294000000000000057e+02
4.839999999999999858e+01 2.294000000000000057e+02
5.639999999999999858e+01 2.230000000000000000e+02
6.120000000000000284e+01 2.261999999999999886e+02
5.639999999999999858e+01 2.325999999999999943e+02
5.320000000000000284e+01 2.261999999999999886e+02
5.000000000000000000e+01 2.325999999999999943e+02
5.320000000000000284e+01 2.341999999999999886e+02
5.639999999999999858e+01 2.294000000000000057e+02
5.800000000000000000e+01 2.341999999999999886e+02
6.120000000000000284e+01 2.278000000000000114e+02
5.800000000000000000e+01 2.325999999999999943e+02
5.639999999999999858e+01 2.245999999999999943e+02
5.320000000000000284e+01 2.261999999999999886e+02
5.960000000000000142e+01 2.294000000000000057e+02
5.160000000000000142e+01 2.310000000000000000e+02
1.712656232397185363e+02 1.740234376760281521e+02
1.234531246479437101e+02 1.740234376760281521e+02
1.294296869719155438e+02 1.680468753520563041e+02
1.533359362678029640e+02 1.560937507041125798e+02
1.951718725356059281e+02 1.560937507041125798e+02
6.368750140822517380e+01 1.560937507041125798e+02
8.161718838014073185e+01 1.560937507041125798e+02
9.954687535205628990e+01 1.620703130280844562e+02
1.234531246479437101e+02 1.620703130280844562e+02
3.978125211233776781e+01 1.740234376760281521e+02
6.966406373219703596e+01 1.740234376760281521e+02
9.357031302808444195e+01 1.740234376760281521e+02
1.234531246479437101e+02 1.740234376760281521e+02
4.575781443630961576e+01 1.740234376760281521e+02
6.966406373219703596e+01 1.800000000000000000e+02
9.357031302808444195e+01 1.800000000000000000e+02
1.234531246479437101e+02 1.800000000000000000e+02
5.771093908425331875e+01 2.278124985917748404e+02
8.161718838014073185e+01 2.218359362678029640e+02
9.357031302808444195e+01 2.158593739438311161e+02
1.294296869719155438e+02 1.979296869719155438e+02
1.708281240861397237e+02 1.738671875913860276e+02
1.278984372258419171e+02 1.800000000000000000e+02
1.340312496344558895e+02 1.677343751827720553e+02
1.585624992689117789e+02 1.554687503655441105e+02
1.953593737205956131e+02 1.677343751827720553e+02
5.430468832247423450e+01 1.554687503655441105e+02
7.270312554831616580e+01 1.554687503655441105e+02
9.723437518277205527e+01 1.554687503655441105e+02
1.217656248172279447e+02 1.616015627741580829e+02
3.590625109663231740e+01 1.800000000000000000e+02
6.043750073108820686e+01 1.738671875913860276e+02
9.110156277415808290e+01 1.738671875913860276e+02
1.217656248172279447e+02 1.738671875913860276e+02
4.203906350524628976e+01 1.800000000000000000e+02
6.657031313970219344e+01 1.861328124086139724e+02
9.110156277415808290e+01 1.861328124086139724e+02
1.217656248172279447e+02 1.800000000000000000e+02
6.043750073108820686e+01 2.290624992689117789e+02
8.496875036554411054e+01 2.229296868602978066e+02
9.723437518277205527e+01 2.106640620430698618e+02
1.278984372258419171e+02 1.983984372258419171e+02
1.708437486563125560e+02 1.750156251343687472e+02
1.254531245968937583e+02 1.815000000000000000e+02
1.319374994625250110e+02 1.685312502687374945e+02
1.578749989250500505e+02 1.555625005374749890e+02
1.967812481188375955e+02 1.685312502687374945e+02
5.412500107494995660e+01 1.425937508062124834e+02
7.357812567184372199e+01 1.490781256718437362e+02
9.303125026873749448e+01 1.555625005374749890e+02
1.189687497312625055e+02 1.620468754031062417e+02
2.818750161242493846e+01 1.750156251343687472e+02
5.412500107494995660e+01 1.750156251343687472e+02
8.006250053747497475e+01 1.750156251343687472e+02
1.189687497312625055e+02 1.750156251343687472e+02
4.115625134368744398e+01 1.879843748656312528e+02
6.060937594058120936e+01 1.879843748656312528e+02
8.654687540310624172e+01 1.879843748656312528e+02
1.189687497312625055e+02 1.815000000000000000e+02
6.060937594058120936e+01 2.268906240594187977e+02
8.006250053747497475e+01 2.204062491937875166e+02
9.303125026873749448e+01 2.139218743281562638e+02
1.254531245968937583e+02 1.944687497312625055e+02
1.772578112218825765e+02 1.689531252323849913e+02
1.315937495352300175e+02 1.754765626161924956e+02
1.315937495352300175e+02 1.689531252323849913e+02
1.576874990704600350e+02 1.559062504647699825e+02
1.968281233733050897e+02 1.689531252323849913e+02
5.331250092953995079e+01 1.428593756971549738e+02
7.288281308096247813e+01 1.493828130809624781e+02
9.245312523238499125e+01 1.559062504647699825e+02
1.185468747676150087e+02 1.624296878485774869e+02
2.721875139430991908e+01 1.754765626161924956e+02
5.331250092953995079e+01 1.754765626161924956e+02
8.592968784857748688e+01 1.754765626161924956e+02
1.185468747676150087e+02 1.754765626161924956e+02
3.374218877811742345e+01 1.820000000000000000e+02
5.331250092953995079e+01 1.885234373838075044e+02
9.245312523238499125e+01 1.885234373838075044e+02
1.185468747676150087e+02 1.820000000000000000e+02
5.983593831334745516e+01 2.276640616866525306e+02
7.940625046476998250e+01 2.211406243028450262e+02
9.897656261619249563e+01 2.146171869190375219e+02
1.250703121514225131e+02 2.015703121514225131e+02
1.763984370212874637e+02 1.696093750870386430e+02
1.312812498259227141e+02 1.760546875435193215e+02
1.312812498259227141e+02 1.696093750870386430e+02
1.570624996518454282e+02 1.567187501740772859e+02
1.957343743907294993e+02 1.696093750870386430e+02
5.393750034815457184e+01 1.438281252611159289e+02
7.327343771759660740e+01 1.502734377175966074e+02
9.260937508703864296e+01 1.567187501740772859e+02
1.183906249129613570e+02 1.631640626305579644e+02
2.815625052223185776e+01 1.760546875435193215e+02
5.393750034815457184e+01 1.760546875435193215e+02
8.616406263055796444e+01 1.760546875435193215e+02
1.183906249129613570e+02 1.760546875435193215e+02
3.460156297871253628e+01 1.825000000000000000e+02
5.393750034815457184e+01 1.889453124564806785e+02
8.616406263055796444e+01 1.889453124564806785e+02
1.183906249129613570e+02 1.825000000000000000e+02
6.038281280463525036e+01 2.340624996518454282e+02
7.971875017407728592e+01 2.211718747388840711e+02
9.905468754351932148e+01 2.147265622824033926e+02
1.248359373694420356e+02 2.018359373694420356e+02
1.745390628016839401e+02 1.697656249451483745e+02
1.299687501097032509e+02 1.761328124725741873e+02
1.299687501097032509e+02 1.697656249451483745e+02
1.554375002194065019e+02 1.570312498902967491e+02
1.936406253839613782e+02 1.697656249451483745e+02
5.356249978059349814e+01 1.442968748354451236e+02
7.266406236287093634e+01 1.506640623628709363e+02
9.176562494514837454e+01 1.570312498902967491e+02
1.172343750548516255e+02 1.570312498902967491e+02
2.809374967089024722e+01 1.761328124725741873e+02
5.356249978059349814e+01 1.761328124725741873e+02
7.903124989029674907e+01 1.761328124725741873e+02
1.172343750548516255e+02 1.761328124725741873e+02
4.082812472574187268e+01 1.825000000000000000e+02
5.992968730801931088e+01 1.888671875274258127e+02
8.539843741772256180e+01 1.888671875274258127e+02
1.172343750548516255e+02 1.825000000000000000e+02
5.992968730801931088e+01 2.270703126919806891e+02
7.903124989029674907e+01 2.207031251645548764e+02
9.813281247257418727e+01 2.143359376371290637e+02
1.236015625822774382e+02 1.952343750548516255e+02
1.746093718558041985e+02 1.751718752858359949e+02
1.303124988566560774e+02 1.815000000000000000e+02
1.303124988566560774e+02 1.688437505716719613e+02
1.556249977133121547e+02 1.561875011433439226e+02
1.935937459982962423e+02 1.688437505716719613e+02
5.437500228668785240e+01 1.498593764291799175e+02
7.335937642917991752e+01 1.561875011433439226e+02
9.234375057167196132e+01 1.561875011433439226e+02
1.176562494283280387e+02 1.625156258575079562e+02
2.906250343003178216e+01 1.815000000000000000e+02
5.437500228668785240e+01 1.751718752858359949e+02
8.601562585750794199e+01 1.751718752858359949e+02
1.176562494283280387e+02 1.751718752858359949e+02
3.539062814419580150e+01 1.815000000000000000e+02
6.070312700085187174e+01 1.878281247141640051e+02
8.601562585750794199e+01 1.878281247141640051e+02
1.176562494283280387e+02 1.878281247141640051e+02
6.070312700085187174e+01 2.321249977133121547e+02
7.968750114334392265e+01 2.194687482849841160e+02
9.867187528583598066e+01 2.131406235708200825e+02
1.239843741424920580e+02 2.004843741424920438e+02
1.685000013969838903e+02 1.752499998603016138e+02
1.310000005587935448e+02 1.815000000000000000e+02
1.372500006984919310e+02 1.752499998603016138e+02
1.560000011175871180e+02 1.564999994412064552e+02
1.935000019557774635e+02 1.564999994412064552e+02
5.599999888241288204e+01 1.564999994412064552e+02
7.474999930150805483e+01 1.564999994412064552e+02
9.349999972060322762e+01 1.564999994412064552e+02
1.185000002793967724e+02 1.627499995809048414e+02
3.099999832361932306e+01 1.815000000000000000e+02
6.224999902211127534e+01 1.752499998603016138e+02
8.724999958090482721e+01 1.752499998603016138e+02
1.185000002793967724e+02 1.752499998603016138e+02
4.349999860301610966e+01 1.752499998603016138e+02
6.849999916180965442e+01 1.815000000000000000e+02
9.349999972060322762e+01 1.877500001396983862e+02
1.185000002793967724e+02 1.877500001396983862e+02
6.224999902211127534e+01 2.315000011175871180e+02
8.099999944120644102e+01 2.190000008381903456e+02
9.974999986030161381e+01 2.127500006984919310e+02
1.310000005587935448e+02 2.002500004190951586e+02
1.758203135896337699e+02 1.690781248018847691e+02
1.323437503962304618e+02 1.815000000000000000e+02
1.323437503962304618e+02 1.690781248018847691e+02
1.571875007924609235e+02 1.566562496037695382e+02
1.944531263868066446e+02 1.566562496037695382e+02
5.781249920753906224e+01 1.566562496037695382e+02
7.644531200471192278e+01 1.566562496037695382e+02
9.507812480188476911e+01 1.566562496037695382e+02
1.199218751981152309e+02 1.628671872028271537e+02
2.675781121225098502e+01 1.815000000000000000e+02
6.402343680659667768e+01 1.752890624009423846e+02
8.886718720282715367e+01 1.752890624009423846e+02
1.199218751981152309e+02 1.752890624009423846e+02
4.539062400942383135e+01 1.690781248018847691e+02
6.402343680659667768e+01 1.815000000000000000e+02
9.507812480188476911e+01 1.877109375990576154e+02
1.199218751981152309e+02 1.877109375990576154e+02
6.402343680659667768e+01 2.311875007924609235e+02
8.265624960376953823e+01 2.187656255943456927e+02
1.012890624009423846e+02 2.125546879952880772e+02
1.261328127971728463e+02 2.001328127971728463e+02
1.413750002095475793e+02 1.791250000698491931e+02
9.762499923165886173e+01 1.728749999301508069e+02
1.351250000698491931e+02 1.603749996507540345e+02
1.445000002793967724e+02 1.541249995110556483e+02
1.288749999301508069e+02 1.916250003492459655e+02
1.038749993713572479e+02 1.728749999301508069e+02
1.069999994412064410e+02 1.697499998603016138e+02
1.038749993713572479e+02 1.728749999301508069e+02
1.038749993713572479e+02 1.728749999301508069e+02
1.163749996507540345e+02 1.791250000698491931e+02
1.101249995110556341e+02 1.791250000698491931e+02
1.038749993713572479e+02 1.791250000698491931e+02
1.069999994412064410e+02 1.791250000698491931e+02
1.476250003492459655e+02 1.728749999301508069e+02
1.132499995809048272e+02 1.791250000698491931e+02
9.762499923165886173e+01 1.666249997904524207e+02
1.132499995809048272e+02 1.822500001396983862e+02
1.007499993015080548e+02 1.541249995110556483e+02
9.762499923165886173e+01 1.603749996507540345e+02
1.101249995110556341e+02 1.760000000000000000e+02
1.194999997206032276e+02 2.041250006286427379e+02
1.696093759905761544e+02 1.752890624009423846e+02
1.323437503962304618e+02 1.815000000000000000e+02
1.323437503962304618e+02 1.690781248018847691e+02
1.571875007924609235e+02 1.566562496037695382e+02
1.944531263868066446e+02 1.566562496037695382e+02
5.781249920753906224e+01 1.566562496037695382e+02
7.644531200471192278e+01 1.566562496037695382e+02
9.507812480188476911e+01 1.566562496037695382e+02
1.199218751981152309e+02 1.628671872028271537e+02
2.675781121225098502e+01 1.815000000000000000e+02
6.402343680659667768e+01 1.752890624009423846e+02
8.886718720282715367e+01 1.752890624009423846e+02
1.199218751981152309e+02 1.752890624009423846e+02
4.539062400942383135e+01 1.690781248018847691e+02
6.402343680659667768e+01 1.815000000000000000e+02
9.507812480188476911e+01 1.877109375990576154e+02
1.199218751981152309e+02 1.877109375990576154e+02
6.402343680659667768e+01 2.311875007924609235e+02
8.265624960376953823e+01 2.187656255943456927e+02
1.012890624009423846e+02 2.125546879952880772e+02
1.323437503962304618e+02 2.001328127971728463e+02
1.651015635674648649e+02 1.740000000000000000e+02
1.273671878558216122e+02 1.802890626186072041e+02
1.273671878558216122e+02 1.740000000000000000e+02
1.462343757116432243e+02 1.488437495255711838e+02
1.839687514232864771e+02 1.614218747627855919e+02
5.189843643253514216e+01 1.551328121441783878e+02
7.076562428835676144e+01 1.551328121441783878e+02
8.963281214417838783e+01 1.551328121441783878e+02
1.210781252372144081e+02 1.614218747627855919e+02
3.303124857671352288e+01 1.802890626186072041e+02
5.818749905114234622e+01 1.740000000000000000e+02
8.963281214417838783e+01 1.740000000000000000e+02
1.210781252372144081e+02 1.740000000000000000e+02
4.560937381392793810e+01 1.677109373813927959e+02
6.447656166974955738e+01 1.802890626186072041e+02
9.592187476278559188e+01 1.802890626186072041e+02
1.210781252372144081e+02 1.802890626186072041e+02
6.447656166974955738e+01 2.306015635674648649e+02
8.334374952557116956e+01 2.243125009488576609e+02
1.022109373813927959e+02 2.117343757116432243e+02
1.273671878558216122e+02 1.991562504744288162e+02
1.608125009488576609e+02 1.828671878558216122e+02
9.792187476278559188e+01 1.011093738139279310e+02
1.167890626186072041e+02 1.262656242883567614e+02
1.419453130930360203e+02 1.451328121441783878e+02
1.733906261860720690e+02 1.640000000000000000e+02
5.389843643253514216e+01 1.577109373813927959e+02
7.276562428835676144e+01 1.640000000000000000e+02
9.163281214417838783e+01 1.640000000000000000e+02
1.167890626186072041e+02 1.640000000000000000e+02
3.503124857671352288e+01 1.828671878558216122e+02
6.018749905114234622e+01 1.828671878558216122e+02
9.163281214417838783e+01 1.765781252372144081e+02
1.167890626186072041e+02 1.828671878558216122e+02
4.760937381392793810e+01 1.891562504744288162e+02
7.276562428835676144e+01 1.891562504744288162e+02
9.792187476278559188e+01 1.891562504744288162e+02
1.230781252372144081e+02 1.891562504744288162e+02
6.647656166974955738e+01 2.331796888046792731e+02
8.534374952557116956e+01 2.268906261860720690e+02
1.042109373813927959e+02 2.206015635674648649e+02
1.293671878558216122e+02 2.017343757116432243e+02
1.665468746249425749e+02 1.813437499166539055e+02
9.865625008334609447e+01 1.011093754584035196e+02
1.171718749583269528e+02 1.257968752917113306e+02
1.418593747916347638e+02 1.443125001666921889e+02
1.850624994999234332e+02 1.628281250416730472e+02
6.162500033338437788e+01 1.628281250416730472e+02
7.396875025003828341e+01 1.628281250416730472e+02
9.248437512501914171e+01 1.690000000000000000e+02
1.233437499166539055e+02 1.690000000000000000e+02
4.928125041673047235e+01 1.628281250416730472e+02
6.779687529171133065e+01 1.751718749583269528e+02
8.631250016669218894e+01 1.751718749583269528e+02
1.233437499166539055e+02 1.813437499166539055e+02
4.928125041673047235e+01 1.751718749583269528e+02
6.779687529171133065e+01 1.875156248749808583e+02
9.865625008334609447e+01 1.875156248749808583e+02
1.233437499166539055e+02 1.875156248749808583e+02
6.779687529171133065e+01 2.307187495832695276e+02
9.248437512501914171e+01 2.245468746249425749e+02
1.048281250416730472e+02 2.183749996666156221e+02
1.295156248749808583e+02 1.998593747916347638e+02
1.641406260210533503e+02 1.815312502269007382e+02
9.796874977309926180e+01 1.033281237520459115e+02
1.220312502269007382e+02 1.273906242058474021e+02
1.400781255672518455e+02 1.454374995461985236e+02
1.821875013614044576e+02 1.634843748865496309e+02
6.789062420584740210e+01 1.574687497730992618e+02
7.390624931929777119e+01 1.634843748865496309e+02
9.195312465964889270e+01 1.634843748865496309e+02
1.220312502269007382e+02 1.695000000000000000e+02
4.984374886549628769e+01 1.634843748865496309e+02
6.789062420584740210e+01 1.695000000000000000e+02
9.195312465964889270e+01 1.755156251134503691e+02
1.220312502269007382e+02 1.815312502269007382e+02
4.382812375204591149e+01 1.935625004538014764e+02
6.789062420584740210e+01 1.935625004538014764e+02
9.796874977309926180e+01 1.875468753403511073e+02
1.220312502269007382e+02 1.875468753403511073e+02
7.390624931929777119e+01 2.356718762479540885e+02
9.195312465964889270e+01 2.296562511345037194e+02
1.039843748865496309e+02 2.176250009076029528e+02
1.340625004538014764e+02 2.055937506807022146e+02
1.682656232397185363e+02 1.814531246479436959e+02
9.654687535205628990e+01 1.037578144363096158e+02
1.144765623239718479e+02 1.216875014082251738e+02
1.383828116198592681e+02 1.455937507041125798e+02
1.802187478876622322e+02 1.635234376760281521e+02
6.666406373219703596e+01 1.575468753520563041e+02
7.861718838014073185e+01 1.635234376760281521e+02
9.057031302808444195e+01 1.635234376760281521e+02
1.204531246479437101e+02 1.695000000000000000e+02
4.873437676028147081e+01 1.635234376760281521e+02
6.666406373219703596e+01 1.695000000000000000e+02
9.057031302808444195e+01 1.754765623239718479e+02
1.204531246479437101e+02 1.814531246479436959e+02
4.275781443630961576e+01 1.874296869719155438e+02
6.666406373219703596e+01 1.874296869719155438e+02
9.654687535205628990e+01 1.874296869719155438e+02
1.264296869719155580e+02 1.874296869719155438e+02
7.264062605616888391e+01 2.292656232397185363e+02
9.654687535205628990e+01 2.232890609157466884e+02
1.085000000000000000e+02 2.173124985917748404e+02
1.324062492958874202e+02 2.053593739438311161e+02
1.691562511345037194e+02 1.825312502269007382e+02
9.696874977309926180e+01 1.043281237520459115e+02
1.150156251134503691e+02 1.283906242058474163e+02
1.390781255672518455e+02 1.464374995461985236e+02
1.811875013614044576e+02 1.644843748865496309e+02
6.087499909239703300e+01 1.584687497730992618e+02
7.290624931929777119e+01 1.584687497730992618e+02
9.095312465964889270e+01 1.644843748865496309e+02
1.210312502269007382e+02 1.705000000000000000e+02
4.884374886549628769e+01 1.644843748865496309e+02
6.689062420584740210e+01 1.705000000000000000e+02
9.095312465964889270e+01 1.765156251134503691e+02
1.210312502269007382e+02 1.825312502269007382e+02
4.282812375204591149e+01 1.945625004538014764e+02
6.689062420584740210e+01 1.945625004538014764e+02
9.696874977309926180e+01 1.885468753403511073e+02
1.210312502269007382e+02 1.885468753403511073e+02
7.290624931929777119e+01 2.366718762479540885e+02
9.095312465964889270e+01 2.246406260210533503e+02
1.090000000000000000e+02 2.186250009076029528e+02
1.330625004538014764e+02 2.065937506807022146e+02
1.695937506275513442e+02 1.832187501255102688e+02
9.928124987448973116e+01 1.070468743096935071e+02
1.168593750627551344e+02 1.246249994979589246e+02
1.402968753137756721e+02 1.480624997489794623e+02
1.813125007530616131e+02 1.656406249372448656e+02
6.998437456071405904e+01 1.597812498744897312e+02
7.584374962346919347e+01 1.597812498744897312e+02
8.756249974897946231e+01 1.656406249372448656e+02
1.168593750627551344e+02 1.715000000000000000e+02
5.240624937244864867e+01 1.597812498744897312e+02
6.998437456071405904e+01 1.715000000000000000e+02
8.756249974897946231e+01 1.773593750627551344e+02
1.227187501255102688e+02 1.832187501255102688e+02
4.068749924693837272e+01 1.949375002510205377e+02
6.998437456071405904e+01 1.890781251882654033e+02
9.342187481173459673e+01 1.890781251882654033e+02
1.227187501255102688e+02 1.890781251882654033e+02
6.998437456071405904e+01 2.300937506275513442e+02
9.342187481173459673e+01 2.242343755647962098e+02
1.051406249372448656e+02 2.183750005020410754e+02
1.285781251882654033e+02 2.066562503765308065e+02
1.743749974563253318e+02 1.779374997456325218e+02
9.718750076310240615e+01 1.066875027980421464e+02
1.150000000000000000e+02 1.245000020349397403e+02
1.387499989825301441e+02 1.482500010174698559e+02
1.803124972019578536e+02 1.660625002543674782e+02
7.343750178057226208e+01 1.601250005087349280e+02
7.937500152620481231e+01 1.601250005087349280e+02
9.125000101746987013e+01 1.660625002543674782e+02
1.209374997456325360e+02 1.660625002543674782e+02
4.968750279804214642e+01 1.660625002543674782e+02
6.750000203493974027e+01 1.720000000000000000e+02
9.125000101746987013e+01 1.779374997456325218e+02
1.209374997456325360e+02 1.838749994912650720e+02
4.375000305240961040e+01 1.898124992368975938e+02
6.750000203493974027e+01 1.898124992368975938e+02
9.718750076310240615e+01 1.898124992368975938e+02
1.209374997456325360e+02 1.898124992368975938e+02
7.343750178057226208e+01 2.313749974563253318e+02
9.125000101746987013e+01 2.254374977106928100e+02
1.090625002543674640e+02 2.194999979650602597e+02
1.328124992368975938e+02 2.076249984737951877e+02
1.688437482889131047e+02 1.887812494296377110e+02
8.962500076048306141e+01 1.034687520913284260e+02
1.140000000000000000e+02 1.217500015209661228e+02
1.383749992395169386e+02 1.400312509506038339e+02
1.749374980987923323e+02 1.583125003802415449e+02
5.915625171108689528e+01 1.644062501901207725e+02
7.134375133084536458e+01 1.644062501901207725e+02
8.962500076048306141e+01 1.705000000000000000e+02
1.200937498098792275e+02 1.644062501901207725e+02
4.087500228144919845e+01 1.948749992395169386e+02
6.525000152096612283e+01 1.826874996197584551e+02
8.962500076048306141e+01 1.826874996197584551e+02
1.200937498098792275e+02 1.826874996197584551e+02
5.306250190120766774e+01 1.765937498098792275e+02
7.743750114072460633e+01 1.826874996197584551e+02
1.018125003802415307e+02 1.887812494296377110e+02
1.261874996197584693e+02 1.887812494296377110e+02
7.743750114072460633e+01 2.375312479086715598e+02
9.571875057036230316e+01 2.253437482889131047e+02
1.079062501901207725e+02 2.192499984790338772e+02
1.322812494296377110e+02 2.070624988592753937e+02
1.421093749910505721e+02 1.792031249970168574e+02
9.726562503281456884e+01 1.727968750029831426e+02
1.325000000000000000e+02 1.631875000119325705e+02
1.421093749910505721e+02 1.567812500178988557e+02
1.292968750029831426e+02 1.888124999880674295e+02
1.068750000238651410e+02 1.727968750029831426e+02
1.036718750268482836e+02 1.695937500059662852e+02
1.036718750268482836e+02 1.727968750029831426e+02
1.068750000238651410e+02 1.760000000000000000e+02
1.196875000119325705e+02 1.792031249970168574e+02
1.068750000238651410e+02 1.760000000000000000e+02
1.036718750268482836e+02 1.760000000000000000e+02
1.068750000238651410e+02 1.792031249970168574e+02
1.036718750268482836e+02 1.695937500059662852e+02
1.100781250208819984e+02 1.695937500059662852e+02
9.726562503281456884e+01 1.663906250089494279e+02
1.100781250208819984e+02 1.792031249970168574e+02
1.036718750268482836e+02 1.535781250208819984e+02
1.004687500298314262e+02 1.599843750149157131e+02
9.726562503281456884e+01 1.663906250089494279e+02
1.196875000119325705e+02 2.048281249731517164e+02
1.785468746249425749e+02 1.768281250416730472e+02
9.214062520836523618e+01 1.089375005000765668e+02
1.106562500833460945e+02 1.212812504167304724e+02
1.908906245415964804e+02 2.200312497499617166e+02
2.032343744582503859e+02 1.891718749583269528e+02
4.276562554174961406e+01 1.706562500833460945e+02
6.745312537505742512e+01 1.706562500833460945e+02
8.596875025003828341e+01 1.706562500833460945e+02
1.353437499166539055e+02 2.015156248749808583e+02
4.276562554174961406e+01 1.953437499166539055e+02
6.745312537505742512e+01 1.891718749583269528e+02
9.214062520836523618e+01 1.891718749583269528e+02
1.291718749583269528e+02 1.830000000000000000e+02
6.745312537505742512e+01 2.385468746249425749e+02
7.362500033338437788e+01 1.830000000000000000e+02
1.106562500833460945e+02 1.891718749583269528e+02
1.353437499166539055e+02 1.706562500833460945e+02
5.510937545840351959e+01 1.768281250416730472e+02
1.168281250416730472e+02 2.076874998333078111e+02
1.168281250416730472e+02 1.891718749583269528e+02
1.476874998333078111e+02 1.521406252083652362e+02
1.690312484862370752e+02 1.822031248486237018e+02
8.918750060550517844e+01 1.080625018165155353e+02
1.120000000000000000e+02 1.251718763623866550e+02
1.348124993944948358e+02 1.422812509082577606e+02
1.918437478807318826e+02 1.936093745458711055e+02
6.637500121101035688e+01 2.449374981834844789e+02
8.918750060550517844e+01 2.335312484862370752e+02
1.062968751513762982e+02 2.221249987889896431e+02
1.348124993944948358e+02 2.050156242431185376e+02
4.356250181651553532e+01 2.050156242431185376e+02
6.637500121101035688e+01 1.993124993944948358e+02
9.489062545412888028e+01 1.879062496972474037e+02
1.348124993944948358e+02 1.879062496972474037e+02
5.496875151376293900e+01 1.765000000000000000e+02
7.778125090825776056e+01 1.822031248486237018e+02
1.177031248486237018e+02 1.879062496972474037e+02
1.405156242431185376e+02 1.822031248486237018e+02
1.576249987889896431e+02 1.707968751513762982e+02
1.519218739403659413e+02 1.822031248486237018e+02
1.462187490917422394e+02 1.879062496972474037e+02
1.519218739403659413e+02 2.050156242431185376e+02
1.708124986001057835e+02 1.812812498600105755e+02
8.987500055995768378e+01 1.061250016798730513e+02
1.072187501399894245e+02 1.234687512599047921e+02
1.881562481801375384e+02 2.217499988800846324e+02
1.939374980401481139e+02 1.928437495800317265e+02
6.675000111991536755e+01 2.448749983201269629e+02
8.987500055995768378e+01 2.333124986001057835e+02
1.072187501399894245e+02 2.159687490200740569e+02
1.361249994400423020e+02 2.044062493000529059e+02
4.362500167987305133e+01 2.044062493000529059e+02
7.253125097992594306e+01 1.986249994400423020e+02
9.565625041996825928e+01 1.870624997200211510e+02
1.361249994400423020e+02 1.870624997200211510e+02
5.518750139989420944e+01 1.755000000000000000e+02
7.831250083993651856e+01 1.812812498600105755e+02
1.187812498600105755e+02 1.870624997200211510e+02
1.419062493000529059e+02 1.812812498600105755e+02
1.534687490200740569e+02 1.697187501399894245e+02
1.534687490200740569e+02 1.812812498600105755e+02
1.534687490200740569e+02 1.870624997200211510e+02
1.592499988800846324e+02 1.986249994400423020e+02
1.625859366162576407e+02 1.785000000000000000e+02
8.000781299096797738e+01 1.136171885801295360e+02
1.684843740180640452e+02 2.492812488216768543e+02
1.802812488216768543e+02 2.256874992144512362e+02
1.861796862234832588e+02 1.902968748036128090e+02
6.231250078554874960e+01 2.492812488216768543e+02
8.590625039277438191e+01 2.374843740180640452e+02
1.036015625981935955e+02 2.197890618126448317e+02
1.330937496072256181e+02 2.079921870090320226e+02
4.461718858012953604e+01 1.726015625981935955e+02
6.821093818735515413e+01 1.843984374018064045e+02
9.180468779458078643e+01 1.902968748036128090e+02
1.271953122054192136e+02 1.843984374018064045e+02
4.461718858012953604e+01 1.961953122054192136e+02
6.821093818735515413e+01 1.843984374018064045e+02
1.153984374018064045e+02 1.843984374018064045e+02
1.389921870090320226e+02 1.785000000000000000e+02
1.566874992144512362e+02 1.726015625981935955e+02
1.507890618126448317e+02 1.785000000000000000e+02
1.507890618126448317e+02 1.785000000000000000e+02
1.566874992144512362e+02 1.608046877945807864e+02
1.673749974563253318e+02 1.735625002543674782e+02
7.237500152620481231e+01 1.141875027980421464e+02
1.673749974563253318e+02 2.448124972019578536e+02
1.851874966932229256e+02 2.151249984737951877e+02
1.911249964388554758e+02 1.854374997456325218e+02
6.050000203493974027e+01 2.507499969475903754e+02
8.425000101746987013e+01 2.329374977106928100e+02
1.020625002543674640e+02 2.210624982194277379e+02
1.317499989825301441e+02 2.032499989825301441e+02
3.675000305240961040e+01 2.091874987281626659e+02
6.050000203493974027e+01 2.032499989825301441e+02
9.018750076310240615e+01 1.913749994912650720e+02
1.258124992368975938e+02 1.854374997456325218e+02
4.268750279804214642e+01 1.795000000000000000e+02
7.237500152620481231e+01 1.735625002543674782e+02
1.020625002543674640e+02 1.676250005087349280e+02
1.317499989825301441e+02 1.676250005087349280e+02
7.831250127183733412e+01 1.141875027980421464e+02
9.612500050873492796e+01 1.260625022893072043e+02
1.080000000000000000e+02 1.320000020349397403e+02
1.317499989825301441e+02 1.438750015262048123e+02
1.668124986001057835e+02 1.653750005599576980e+02
1.668124986001057835e+02 2.636562481801375384e+02
1.725937484601163590e+02 2.405312487400952079e+02
1.783749983201269629e+02 2.116249994400423020e+02
1.899374980401481139e+02 1.769375002799788490e+02
3.962500167987305133e+01 1.885000000000000000e+02
6.853125097992594306e+01 1.769375002799788490e+02
8.587500055995768378e+01 1.769375002799788490e+02
1.379062493000529059e+02 2.000624997200211510e+02
3.962500167987305133e+01 2.231874991600634814e+02
7.431250083993651856e+01 2.058437495800317265e+02
9.743750027997884899e+01 1.942812498600105755e+02
1.263437495800317407e+02 1.769375002799788490e+02
6.275000111991536755e+01 2.520937484601163590e+02
8.009375069994710827e+01 1.942812498600105755e+02
1.090000000000000000e+02 1.885000000000000000e+02
1.321249994400423020e+02 1.711562504199682735e+02
1.263437495800317407e+02 1.942812498600105755e+02
1.263437495800317407e+02 1.942812498600105755e+02
1.263437495800317407e+02 1.885000000000000000e+02
1.321249994400423020e+02 1.480312509799259431e+02
1.627187517959974343e+02 1.625624990203650384e+02
5.443749836727506164e+01 1.367812482040025657e+02
8.021874918363752727e+01 1.367812482040025657e+02
1.163125003265449919e+02 1.419374983672750545e+02
1.472500013061799677e+02 1.419374983672750545e+02
9.568749967345500806e+01 2.450625016327249455e+02
8.021874918363752727e+01 2.089687504898174950e+02
8.537499934691001613e+01 1.780312495101825050e+02
1.163125003265449919e+02 1.677187491836375273e+02
1.008437498367275111e+02 2.450625016327249455e+02
8.537499934691001613e+01 2.089687504898174950e+02
9.568749967345500806e+01 1.986562501632724889e+02
1.266250006530899839e+02 1.831874996734550223e+02
1.163125003265449919e+02 1.677187491836375273e+02
1.266250006530899839e+02 1.780312495101825050e+02
1.266250006530899839e+02 2.038125003265449777e+02
1.420937511429074505e+02 1.883437498367275111e+02
1.369375009796349616e+02 1.935000000000000000e+02
1.420937511429074505e+02 1.935000000000000000e+02
1.524062514694524566e+02 1.935000000000000000e+02
1.730312521225424121e+02 1.935000000000000000e+02
1.535625004465982784e+02 1.295624992556695361e+02
1.051249997022678144e+02 2.215937506698974175e+02
7.606249925566952186e+01 1.537812496278347680e+02
1.002812496278347680e+02 1.392499994045356289e+02
1.293437500744330464e+02 1.198749991068034291e+02
9.059374947896867525e+01 2.264375007443304639e+02
8.574999940453562886e+01 2.119062505210313248e+02
9.059374947896867525e+01 1.925312502232991392e+02
1.099687497767008608e+02 1.683124998511339072e+02
1.051249997022678144e+02 2.264375007443304639e+02
1.099687497767008608e+02 2.167500005954643711e+02
1.099687497767008608e+02 2.070625004465982784e+02
1.293437500744330464e+02 1.731562499255669536e+02
9.059374947896867525e+01 2.361250008931965567e+02
1.245000000000000000e+02 2.215937506698974175e+02
1.390312502232991392e+02 2.070625004465982784e+02
1.438750002977321856e+02 1.731562499255669536e+02
7.121874918123647547e+01 2.215937506698974175e+02
1.099687497767008608e+02 2.119062505210313248e+02
1.777812508187635103e+02 1.925312502232991392e+02
1.680937506698974175e+02 1.683124998511339072e+02
1.536250015238766196e+02 1.112499978230334108e+02
1.192500004353933178e+02 1.937500004353933036e+02
1.055000000000000000e+02 1.318749984761233804e+02
1.123750002176966518e+02 1.112499978230334108e+02
1.398750010884832875e+02 9.062499716994344112e+01
5.049999825842672863e+01 1.937500004353933036e+02
6.424999869382004647e+01 1.731249997823033482e+02
8.487499934691001613e+01 1.593749993469100161e+02
1.055000000000000000e+02 1.318749984761233804e+02
9.174999956460668216e+01 2.487500021769665750e+02
9.862499978230334818e+01 2.143750010884832875e+02
1.055000000000000000e+02 1.868750002176966518e+02
1.192500004353933178e+02 1.524999991292133643e+02
1.192500004353933178e+02 2.625000026123599355e+02
1.261250006530899839e+02 2.212500013061799677e+02
1.261250006530899839e+02 1.937500004353933036e+02
1.398750010884832875e+02 1.593749993469100161e+02
1.536250015238766196e+02 2.487500021769665750e+02
1.536250015238766196e+02 2.212500013061799677e+02
1.536250015238766196e+02 2.006250006530899839e+02
1.605000017415732714e+02 1.662499995646066964e+02
1.303515623058001438e+02 1.027968753883997124e+02
5.722656292723967653e+01 2.033437495339203451e+02
8.007812523303982744e+01 1.393593750776799425e+02
8.921875015535988496e+01 1.165078127718797987e+02
1.120703124611600288e+02 9.365625046607965487e+01
5.265625046607964777e+01 1.987734370727603164e+02
6.179687538839971239e+01 1.759218747669601726e+02
7.093750031071976991e+01 1.576406249223200575e+02
9.378906261651991372e+01 1.347890626165199137e+02
1.075000000000000000e+02 1.942031246116002876e+02
1.120703124611600288e+02 1.896328121504402588e+02
1.166406249223200575e+02 1.804921872281202013e+02
1.166406249223200575e+02 1.439296875388399712e+02
1.257812498446401150e+02 1.942031246116002876e+02
1.303515623058001438e+02 1.896328121504402588e+02
1.303515623058001438e+02 1.804921872281202013e+02
1.349218747669601726e+02 1.485000000000000000e+02
1.623437495339203451e+02 1.987734370727603164e+02
1.577734370727603164e+02 1.850624996892802301e+02
1.532031246116002876e+02 1.804921872281202013e+02
1.486328121504402588e+02 1.439296875388399712e+02
1.413750002095475793e+02 1.791250000698491931e+02
9.762499923165886173e+01 1.728749999301508069e+02
1.320000000000000000e+02 1.634999997206032276e+02
1.413750002095475793e+02 1.572499995809048414e+02
1.320000000000000000e+02 1.916250003492459655e+02
1.007499993015080548e+02 1.666249997904524207e+02
1.038749993713572479e+02 1.728749999301508069e+02
1.038749993713572479e+02 1.760000000000000000e+02
1.069999994412064410e+02 1.791250000698491931e+02
1.007499993015080548e+02 1.697499998603016138e+02
1.069999994412064410e+02 1.728749999301508069e+02
1.038749993713572479e+02 1.760000000000000000e+02
1.069999994412064410e+02 1.791250000698491931e+02
1.007499993015080548e+02 1.666249997904524207e+02
1.101249995110556341e+02 1.697499998603016138e+02
1.007499993015080548e+02 1.666249997904524207e+02
1.101249995110556341e+02 1.791250000698491931e+02
1.069999994412064410e+02 1.572499995809048414e+02
1.007499993015080548e+02 1.666249997904524207e+02
1.007499993015080548e+02 1.697499998603016138e+02
1.101249995110556341e+02 1.634999997206032276e+02
1.167031250876116246e+02 9.928124947433025227e+01
1.035000000000000000e+02 1.983046876314174369e+02
1.893203130694755600e+02 1.256874996495535015e+02
1.629140628942523108e+02 9.928124947433025227e+01
9.689843745619418769e+01 8.607812438671862765e+01
4.408593710574768920e+01 1.983046876314174369e+02
5.728906219335931382e+01 1.851015625438058123e+02
6.389062473716512613e+01 1.652968749123883754e+02
8.369531236858256307e+01 1.322890621933593138e+02
9.689843745619418769e+01 2.445156254380581231e+02
9.689843745619418769e+01 2.181093752628348739e+02
9.689843745619418769e+01 1.851015625438058123e+02
1.035000000000000000e+02 1.454921872809709384e+02
1.233046876314174369e+02 2.577187505256697477e+02
1.233046876314174369e+02 2.181093752628348739e+02
1.233046876314174369e+02 1.917031250876116246e+02
1.233046876314174369e+02 1.520937498247767508e+02
1.563125003504464985e+02 2.115078127190290616e+02
1.563125003504464985e+02 1.983046876314174369e+02
1.497109378066406862e+02 1.851015625438058123e+02
1.431093752628348739e+02 1.520937498247767508e+02
1.172499989825301299e+02 1.007500030524096104e+02
5.193750178057226918e+01 1.541875007631024062e+02
6.381250127183733412e+01 1.363750015262048123e+02
7.568750076310240615e+01 1.126250025436746682e+02
9.350000000000000000e+01 8.887500356114453837e+01
4.006250228930720425e+01 2.016874987281626659e+02
5.193750178057226918e+01 1.838749994912650720e+02
5.787500152620480520e+01 1.601250005087349280e+02
7.568750076310240615e+01 1.304375017805722621e+02
9.350000000000000000e+01 2.313749974563253318e+02
9.350000000000000000e+01 2.076249984737951877e+02
9.350000000000000000e+01 1.779374997456325218e+02
9.943749974563253602e+01 1.423125012718373341e+02
1.231874987281626659e+02 2.076249984737951877e+02
1.231874987281626659e+02 1.898124992368975938e+02
1.172499989825301299e+02 1.779374997456325218e+02
1.231874987281626659e+02 1.482500010174698559e+02
1.528749974563253318e+02 2.016874987281626659e+02
1.469374977106928100e+02 1.898124992368975938e+02
1.409999979650602597e+02 1.779374997456325218e+02
1.350624982194277379e+02 1.482500010174698559e+02
1.121796869750396723e+02 1.086406260499206553e+02
7.749218781497620512e+01 1.736796869750396581e+02
6.882031302496032765e+01 1.433281252099841367e+02
7.749218781497620512e+01 1.216484382349444644e+02
9.917187479001586325e+01 9.996875125990479205e+01
3.846875125990479205e+01 1.996953113450872763e+02
4.714062604992065530e+01 1.780156243700475898e+02
5.581250083993652567e+01 1.563359373950079316e+02
7.315625041996825928e+01 1.346562504199682735e+02
5.147656344492859404e+01 1.780156243700475898e+02
5.147656344492859404e+01 1.736796869750396581e+02
9.483593739500793163e+01 1.780156243700475898e+02
1.035078121850237949e+02 1.476640626049920684e+02
1.121796869750396723e+02 1.953593739500793447e+02
1.165156243700476040e+02 1.866874991600634814e+02
1.165156243700476040e+02 1.780156243700475898e+02
1.208515617650555356e+02 1.520000000000000000e+02
1.512031235301110712e+02 1.996953113450872763e+02
1.468671861351031396e+02 1.866874991600634814e+02
1.425312487400952079e+02 1.823515617650555498e+02
1.381953113450872763e+02 1.520000000000000000e+02
1.174375002510205377e+02 1.036874992469383727e+02
5.298437456071405194e+01 1.505624997489794623e+02
6.470312468622432789e+01 1.388437496234691935e+02
7.056249974897946231e+01 1.154062493724486558e+02
9.400000000000000000e+01 9.196874912142810388e+01
4.126562443520378309e+01 2.032968753137756721e+02
5.298437456071405194e+01 1.798593750627551344e+02
5.884374962346918636e+01 1.622812498744897312e+02
8.228124987448973116e+01 1.329843745607140590e+02
1.232968753137756721e+02 2.091562503765308065e+02
1.115781251882654033e+02 1.915781251882654033e+02
9.985937506275513442e+01 1.740000000000000000e+02
9.985937506275513442e+01 1.447031246862243279e+02
1.174375002510205377e+02 2.032968753137756721e+02
1.232968753137756721e+02 1.915781251882654033e+02
1.174375002510205377e+02 1.798593750627551344e+02
1.232968753137756721e+02 1.505624997489794623e+02
1.525937506275513442e+02 1.974375002510205377e+02
1.467343755647962098e+02 1.857187501255102688e+02
1.408750005020410754e+02 1.798593750627551344e+02
1.408750005020410754e+02 1.447031246862243279e+02
1.182656245386133520e+02 1.100156260150506284e+02
6.037500073821864532e+01 1.500937501845546649e+02
6.928125055366398044e+01 1.456406252768319973e+02
7.818750036910932977e+01 1.233750007382186453e+02
9.600000000000000000e+01 1.055625011073279609e+02
4.256250110732796799e+01 2.035312490772267040e+02
5.146875092277330310e+01 1.857187494463360053e+02
6.037500073821864532e+01 1.634531249077226676e+02
8.264062527683199733e+01 1.411875003691093298e+02
5.592187583049597777e+01 1.812656245386133378e+02
5.592187583049597777e+01 1.768124996308906702e+02
1.049062498154453351e+02 1.812656245386133378e+02
1.004531249077226676e+02 1.456406252768319973e+02
1.182656245386133520e+02 2.079843739849493716e+02
1.227187494463360196e+02 1.946249992617813405e+02
1.227187494463360196e+02 1.812656245386133378e+02
1.182656245386133520e+02 1.500937501845546649e+02
1.538906238003947067e+02 2.035312490772267040e+02
1.494374988926720391e+02 1.901718743540586729e+02
1.449843739849493716e+02 1.857187494463360053e+02
1.405312490772267040e+02 1.500937501845546649e+02
1.421093749910505721e+02 1.802031249970168574e+02
9.726562503281456884e+01 1.737968750029831426e+02
1.357031249970168574e+02 1.641875000119325705e+02
1.421093749910505721e+02 1.577812500178988557e+02
1.292968750029831426e+02 1.673906250089494279e+02
1.132812500178988557e+02 1.962187499821011443e+02
1.100781250208819984e+02 1.930156249850842869e+02
1.068750000238651410e+02 1.802031249970168574e+02
1.068750000238651410e+02 1.802031249970168574e+02
1.453124999880674295e+02 1.705937500059662852e+02
1.100781250208819984e+02 1.930156249850842869e+02
1.068750000238651410e+02 1.802031249970168574e+02
1.068750000238651410e+02 1.834062499940337148e+02
9.406250003579771146e+01 1.737968750029831426e+02
1.132812500178988557e+02 1.802031249970168574e+02
9.085937503878085408e+01 1.705937500059662852e+02
1.100781250208819984e+02 1.802031249970168574e+02
1.068750000238651410e+02 1.930156249850842869e+02
9.406250003579771146e+01 1.705937500059662852e+02
9.726562503281456884e+01 1.737968750029831426e+02
1.228906250089494279e+02 2.026249999761348590e+02
1.458124999880674295e+02 1.802031249970168574e+02
9.776562503281456884e+01 1.737968750029831426e+02
1.362031249970168574e+02 1.641875000119325705e+02
1.426093749910505721e+02 1.577812500178988557e+02
1.297968750029831426e+02 1.673906250089494279e+02
1.105781250208819984e+02 1.802031249970168574e+02
1.041718750268482836e+02 1.737968750029831426e+02
1.041718750268482836e+02 1.770000000000000000e+02
1.073750000238651410e+02 1.802031249970168574e+02
1.458124999880674295e+02 1.705937500059662852e+02
1.105781250208819984e+02 1.898124999880674295e+02
1.041718750268482836e+02 1.802031249970168574e+02
1.073750000238651410e+02 1.802031249970168574e+02
1.009687500298314262e+02 1.770000000000000000e+02
1.137812500178988557e+02 1.802031249970168574e+02
9.776562503281456884e+01 1.673906250089494279e+02
1.105781250208819984e+02 1.802031249970168574e+02
1.073750000238651410e+02 1.930156249850842869e+02
1.009687500298314262e+02 1.641875000119325705e+02
9.776562503281456884e+01 1.705937500059662852e+02
1.233906250089494279e+02 2.026249999761348590e+02
1.458124999880674295e+02 1.802031249970168574e+02
9.776562503281456884e+01 1.802031249970168574e+02
1.330000000000000000e+02 1.673906250089494279e+02
1.458124999880674295e+02 1.577812500178988557e+02
1.265937500059662852e+02 1.705937500059662852e+02
1.041718750268482836e+02 1.930156249850842869e+02
1.137812500178988557e+02 1.898124999880674295e+02
1.137812500178988557e+02 1.802031249970168574e+02
1.041718750268482836e+02 1.834062499940337148e+02
1.458124999880674295e+02 1.737968750029831426e+02
1.169843750149157131e+02 1.770000000000000000e+02
1.426093749910505721e+02 1.609843750149157131e+02
1.137812500178988557e+02 1.802031249970168574e+02
1.490156249850842869e+02 1.737968750029831426e+02
1.169843750149157131e+02 1.834062499940337148e+02
1.426093749910505721e+02 1.705937500059662852e+02
1.137812500178988557e+02 1.802031249970168574e+02
1.137812500178988557e+02 1.802031249970168574e+02
9.776562503281456884e+01 1.930156249850842869e+02
1.105781250208819984e+02 1.770000000000000000e+02
1.233906250089494279e+02 2.058281249731517164e+02
