1.808437499582360033e+02 1.808124999880674295e+02
1.552187499821011443e+02 8.471875007756170817e+01
1.616249999761348590e+02 1.103437500536965672e+02
1.808437499582360033e+02 1.295625000357977115e+02
1.936562499463034328e+02 1.551875000119325705e+02
7.834375005369656719e+01 1.487812500178988557e+02
9.756250003579771146e+01 1.551875000119325705e+02
1.167812500178988557e+02 1.615937500059662852e+02
1.488124999880674295e+02 1.680000000000000000e+02
7.193750005966285244e+01 1.744062499940337148e+02
9.115625004176399671e+01 1.808124999880674295e+02
1.103750000238651410e+02 1.808124999880674295e+02
1.488124999880674295e+02 1.808124999880674295e+02
7.834375005369656719e+01 2.128437499582360033e+02
9.756250003579771146e+01 2.064374999642022885e+02
1.231875000119325705e+02 2.000312499701685738e+02
1.488124999880674295e+02 1.936249999761348590e+02
1.167812500178988557e+02 2.448749999284045771e+02
1.295937500059662852e+02 2.384687499343708623e+02
1.424062499940337148e+02 2.256562499463034328e+02
1.680312499701685738e+02 2.064374999642022885e+02
1.900937505473339115e+02 1.705000000000000000e+02
1.486093750547333912e+02 1.197968743979326973e+02
1.578281251642001735e+02 2.165937505473339115e+02
1.900937505473339115e+02 1.336249995621328708e+02
2.039218757115340850e+02 1.474531247263330442e+02
9.329687439793269732e+01 1.382343746168662619e+02
1.071249995621328708e+02 1.428437496715996531e+02
1.255624997810664354e+02 1.474531247263330442e+02
1.532187501094667823e+02 1.566718748357998265e+02
8.407812428846591501e+01 1.751093750547333912e+02
9.790624945266608847e+01 1.751093750547333912e+02
1.209531247263330442e+02 1.751093750547333912e+02
1.532187501094667823e+02 1.751093750547333912e+02
9.790624945266608847e+01 1.981562503284003469e+02
1.071249995621328708e+02 1.981562503284003469e+02
1.301718748357998265e+02 1.889375002189335646e+02
1.578281251642001735e+02 1.797187501094667823e+02
1.532187501094667823e+02 1.889375002189335646e+02
1.163437496715996531e+02 2.027656253831337381e+02
1.578281251642001735e+02 1.889375002189335646e+02
1.716562503284003469e+02 1.935468752736669558e+02
1.900937505473339115e+02 1.730000000000000000e+02
1.440000000000000000e+02 1.315156245073994796e+02
1.624375002189335646e+02 1.361249995621328708e+02
1.854843754926005204e+02 1.407343746168662619e+02
1.993125006568006938e+02 1.453437496715996531e+02
9.790624945266608847e+01 1.453437496715996531e+02
1.117343746168662619e+02 1.453437496715996531e+02
1.301718748357998265e+02 1.545624997810664354e+02
1.532187501094667823e+02 1.591718748357998265e+02
8.407812428846591501e+01 1.776093750547333912e+02
1.025156245073994796e+02 1.776093750547333912e+02
1.209531247263330442e+02 1.776093750547333912e+02
1.532187501094667823e+02 1.730000000000000000e+02
1.025156245073994796e+02 2.052656253831337381e+02
1.117343746168662619e+02 2.006562503284003469e+02
1.301718748357998265e+02 1.960468752736669558e+02
1.532187501094667823e+02 1.868281251642001735e+02
1.440000000000000000e+02 2.144843754926005204e+02
1.486093750547333912e+02 2.098750004378671292e+02
1.532187501094667823e+02 2.098750004378671292e+02
1.670468752736669558e+02 1.960468752736669558e+02
1.877734352291919322e+02 1.790000000000000000e+02
1.452343746506449236e+02 1.441953140720979150e+02
1.723046859279020850e+02 1.480625013974203625e+02
1.839062479038694562e+02 1.557968760480652577e+02
1.916406225545143798e+02 1.480625013974203625e+02
1.026953140720979007e+02 1.480625013974203625e+02
1.181640633733877195e+02 1.519296887227428101e+02
1.336328126746775524e+02 1.557968760480652577e+02
1.607031239519347423e+02 1.596640633733877337e+02
9.109375209613054380e+01 1.790000000000000000e+02
1.104296887227428101e+02 2.022031239519347423e+02
1.220312506987101813e+02 2.022031239519347423e+02
1.529687493012898187e+02 1.751328126746775524e+02
1.181640633733877195e+02 2.099374986025796375e+02
1.297656253493550764e+02 2.022031239519347423e+02
1.375000000000000000e+02 2.022031239519347423e+02
1.529687493012898187e+02 1.906015619759673712e+02
1.491015619759673712e+02 2.060703112772571899e+02
1.491015619759673712e+02 2.060703112772571899e+02
1.529687493012898187e+02 2.060703112772571899e+02
1.645703112772571899e+02 2.022031239519347423e+02
1.877499974574895134e+02 1.864999996088445471e+02
1.464999996088445471e+02 1.527500013690441278e+02
1.689999984353781599e+02 1.527500013690441278e+02
1.839999976530672257e+02 1.602500009778886465e+02
1.165000011734663872e+02 2.089999984353781599e+02
9.400000234693277434e+01 1.790000000000000000e+02
1.052500017601995808e+02 1.790000000000000000e+02
1.390000000000000000e+02 1.527500013690441278e+02
1.614999988265336128e+02 1.602500009778886465e+02
1.052500017601995808e+02 1.977499990221113535e+02
1.165000011734663872e+02 2.014999988265336128e+02
1.315000003911554529e+02 1.977499990221113535e+02
1.577499990221113535e+02 1.790000000000000000e+02
1.240000007823109200e+02 2.052499986309558722e+02
1.315000003911554529e+02 2.014999988265336128e+02
1.464999996088445471e+02 2.052499986309558722e+02
1.614999988265336128e+02 1.939999992176890657e+02
1.502499994132668064e+02 2.052499986309558722e+02
1.539999992176890657e+02 2.089999984353781599e+02
1.577499990221113535e+02 2.089999984353781599e+02
1.689999984353781599e+02 2.052499986309558722e+02
1.860312520321750469e+02 1.879218753386958554e+02
1.526328130080437688e+02 1.545234363145645489e+02
1.748984390241312781e+02 1.545234363145645489e+02
1.786093766934792200e+02 1.582343739839124623e+02
1.748984390241312781e+02 2.101875013547833646e+02
9.696874796782495309e+01 1.767890623306520865e+02
1.081015609758687077e+02 1.805000000000000000e+02
1.229453116532603900e+02 1.842109376693479135e+02
1.600546883467395958e+02 1.767890623306520865e+02
1.081015609758687077e+02 1.990546883467395958e+02
1.155234363145645489e+02 2.027656260160875377e+02
1.266562493226083177e+02 2.027656260160875377e+02
1.563437506773916823e+02 1.842109376693479135e+02
1.155234363145645489e+02 2.027656260160875377e+02
1.303671869919562312e+02 2.027656260160875377e+02
1.415000000000000000e+02 1.990546883467395958e+02
1.563437506773916823e+02 1.953437506773916823e+02
1.526328130080437688e+02 2.101875013547833646e+02
1.563437506773916823e+02 2.064765636854354511e+02
1.563437506773916823e+02 2.101875013547833646e+02
1.674765636854354511e+02 2.101875013547833646e+02
1.642968745483267412e+02 1.986640621236056177e+02
1.497656248494422471e+02 2.059296869730478647e+02
1.279687503011155059e+02 1.514375006022310117e+02
1.642968745483267412e+02 2.131953118224901118e+02
1.679296869730478647e+02 2.095624993977689883e+02
1.170703130269521210e+02 1.514375006022310117e+02
1.170703130269521210e+02 2.022968745483267412e+02
1.316015627258366294e+02 1.986640621236056177e+02
1.497656248494422471e+02 1.841328124247211235e+02
9.890625090334648917e+01 1.805000000000000000e+02
1.134375006022309975e+02 1.805000000000000000e+02
1.279687503011155059e+02 1.805000000000000000e+02
1.533984372741633706e+02 1.805000000000000000e+02
1.425000000000000000e+02 1.550703130269521353e+02
1.425000000000000000e+02 1.623359378763943823e+02
1.461328124247211235e+02 1.696015627258366294e+02
1.606640621236056177e+02 1.768671875752788765e+02
1.497656248494422471e+02 1.514375006022310117e+02
1.606640621236056177e+02 1.550703130269521353e+02
1.606640621236056177e+02 1.550703130269521353e+02
1.497656248494422471e+02 1.550703130269521353e+02
1.831562480235953387e+02 1.769453126647003955e+02
1.511640620058988418e+02 1.520625013176031075e+02
1.724921860176964969e+02 1.520625013176031075e+02
1.760468733529961298e+02 1.485078139823035031e+02
1.618281240117976836e+02 2.018281240117976836e+02
9.784375197640466126e+01 1.769453126647003955e+02
1.120625013176031075e+02 1.840546873352996045e+02
1.262812506588015538e+02 1.876093746705992373e+02
1.582734366764980507e+02 1.591718759882023164e+02
1.085078139823034888e+02 1.982734366764980507e+02
1.120625013176031075e+02 1.947187493411984462e+02
1.405000000000000000e+02 1.698359379941011582e+02
1.547187493411984462e+02 1.769453126647003955e+02
1.405000000000000000e+02 1.520625013176031075e+02
1.440546873352996045e+02 1.627265633235019493e+02
1.476093746705992373e+02 1.662812506588015538e+02
1.582734366764980507e+02 1.769453126647003955e+02
1.547187493411984462e+02 1.982734366764980507e+02
1.476093746705992373e+02 1.947187493411984462e+02
1.440546873352996045e+02 1.911640620058988418e+02
1.618281240117976836e+02 1.947187493411984462e+02
1.661562511480006492e+02 1.943750006560003669e+02
1.481875003280001977e+02 2.087500013120007338e+02
1.589687508200004515e+02 2.087500013120007338e+02
1.625625009840005646e+02 2.159375016400009315e+02
1.697500013120007338e+02 2.087500013120007338e+02
9.787499803199889925e+01 1.800000000000000000e+02
1.122499986879992662e+02 1.835937501640000846e+02
1.302187495079997177e+02 1.871875003280001977e+02
1.481875003280001977e+02 1.871875003280001977e+02
1.122499986879992662e+02 1.979687508200004515e+02
1.158437488519993508e+02 1.979687508200004515e+02
1.374062498359999154e+02 1.728124996719998023e+02
1.553750006560003669e+02 1.800000000000000000e+02
1.410000000000000000e+02 1.512499986879992662e+02
1.481875003280001977e+02 1.620312491799995485e+02
1.517812504920002823e+02 1.656249993439996331e+02
1.589687508200004515e+02 1.692187495079997177e+02
1.553750006560003669e+02 1.512499986879992662e+02
1.625625009840005646e+02 1.548437488519993508e+02
1.625625009840005646e+02 1.512499986879992662e+02
1.553750006560003669e+02 1.512499986879992662e+02
1.650312506976188445e+02 1.988593755813490418e+02
1.466718751162698027e+02 1.474531239535717475e+02
1.723750009301584498e+02 1.511249990698415502e+02
1.650312506976188445e+02 1.584687493023811555e+02
1.833906262789678863e+02 1.658124995349207893e+02
9.893749860476232527e+01 1.805000000000000000e+02
1.136249990698415502e+02 1.841718751162698027e+02
1.283124995349207893e+02 1.841718751162698027e+02
1.540156253488094080e+02 1.805000000000000000e+02
1.099531239535717475e+02 2.025312506976188445e+02
1.172968741861113529e+02 2.025312506976188445e+02
1.283124995349207893e+02 2.025312506976188445e+02
1.540156253488094080e+02 1.915156253488094080e+02
1.466718751162698027e+02 1.584687493023811555e+02
1.356562497674603947e+02 2.025312506976188445e+02
1.466718751162698027e+02 2.025312506976188445e+02
1.576875004650792107e+02 2.025312506976188445e+02
1.540156253488094080e+02 2.098750009301584498e+02
1.576875004650792107e+02 2.098750009301584498e+02
1.613593755813490418e+02 2.135468760464282525e+02
1.687031258138886471e+02 2.062031258138886471e+02
1.892187488081981712e+02 1.840000000000000000e+02
1.435156249148712959e+02 2.226718740635842835e+02
1.610937494892277755e+02 2.191562491487129876e+02
1.716406242338416916e+02 2.191562491487129876e+02
1.786718740635842835e+02 2.121249993189703957e+02
9.429687610667312470e+01 1.804843750851287041e+02
1.118750006810296185e+02 1.840000000000000000e+02
1.259375003405148021e+02 1.875156249148712959e+02
1.610937494892277755e+02 1.804843750851287041e+02
1.083593757661583226e+02 2.015781245743564796e+02
1.189062505107722103e+02 2.050937494892277755e+02
1.294531252553861123e+02 2.015781245743564796e+02
1.575781245743564796e+02 1.875156249148712959e+02
1.435156249148712959e+02 1.523593757661583084e+02
1.294531252553861123e+02 2.050937494892277755e+02
1.470312498297425918e+02 1.980624996594851837e+02
1.646093744040990714e+02 1.875156249148712959e+02
1.505468747446138877e+02 1.453281259364157165e+02
1.505468747446138877e+02 2.015781245743564796e+02
1.751562491487129876e+02 1.629062505107722245e+02
1.716406242338416916e+02 1.980624996594851837e+02
1.816171871953647496e+02 1.803906249129613570e+02
1.558359373694420356e+02 9.015625052223185776e+01
1.687265622824033926e+02 1.094921878916738933e+02
1.816171871953647496e+02 1.288281252611159289e+02
1.945078121083261067e+02 1.546093750870386430e+02
7.849218789167389332e+01 1.481640626305579644e+02
9.782812526111592888e+01 1.546093750870386430e+02
1.171640626305579644e+02 1.610546875435193215e+02
1.493906249129613570e+02 1.675000000000000000e+02
7.204687543519321480e+01 1.803906249129613570e+02
9.138281280463525036e+01 1.803906249129613570e+02
1.107187501740772859e+02 1.803906249129613570e+02
1.493906249129613570e+02 1.803906249129613570e+02
7.849218789167389332e+01 2.126171871953647496e+02
9.782812526111592888e+01 2.061718747388840711e+02
1.236093750870386430e+02 1.997265622824033926e+02
1.558359373694420356e+02 1.932812498259227141e+02
1.171640626305579644e+02 2.512890619342488208e+02
1.365000000000000000e+02 2.383984370212874637e+02
1.429453124564806785e+02 2.255078121083261067e+02
1.687265622824033926e+02 2.061718747388840711e+02
1.879687483167436426e+02 1.840000000000000000e+02
1.500781247194572643e+02 1.423203140429849896e+02
1.728124988778291140e+02 1.461093764027136217e+02
1.879687483167436426e+02 1.498984387624422538e+02
1.955468730362009069e+02 1.498984387624422538e+02
1.083984387624422538e+02 1.574765634818995466e+02
1.235546882013568109e+02 1.574765634818995466e+02
1.387109376402713679e+02 1.612656258416281787e+02
1.614453117986431891e+02 1.650546882013568109e+02
1.083984387624422538e+02 2.029453117986431891e+02
1.159765634818995466e+02 2.029453117986431891e+02
1.311328129208140751e+02 2.029453117986431891e+02
1.576562494389145570e+02 1.802109376402713679e+02
1.197656258416281787e+02 2.067343741583718213e+02
1.311328129208140751e+02 2.067343741583718213e+02
1.500781247194572643e+02 1.953671870791859249e+02
1.614453117986431891e+02 1.877890623597286321e+02
1.576562494389145570e+02 1.991562494389145570e+02
1.538671870791859249e+02 1.953671870791859249e+02
1.614453117986431891e+02 1.953671870791859249e+02
1.690234365181004534e+02 1.953671870791859249e+02
1.931250008958159015e+02 1.810000000000000000e+02
1.425000000000000000e+02 2.316250008958159015e+02
1.720312505225592759e+02 1.388124992534867488e+02
1.889062508211645763e+02 1.472499994027893990e+02
2.015625010451185801e+02 1.599062496267433744e+02
1.045312493281380597e+02 1.556874995520920493e+02
1.214062496267433744e+02 1.556874995520920493e+02
1.340624998506973498e+02 1.599062496267433744e+02
1.593750002986053005e+02 1.599062496267433744e+02
9.187499910418408433e+01 1.852187500746513251e+02
1.087499994027893990e+02 1.852187500746513251e+02
1.256249997013946995e+02 1.852187500746513251e+02
1.551562502239539754e+02 1.767812499253486749e+02
1.087499994027893990e+02 2.020937503732566256e+02
1.214062496267433744e+02 1.936562502239539754e+02
1.340624998506973498e+02 1.936562502239539754e+02
1.593750002986053005e+02 1.852187500746513251e+02
1.509375001493026502e+02 1.936562502239539754e+02
1.256249997013946995e+02 2.063125004479079507e+02
1.509375001493026502e+02 1.936562502239539754e+02
1.678125004479079507e+02 1.978750002986053005e+02
1.948671861351031396e+02 1.781562504199682735e+02
1.385000000000000000e+02 2.388593739500793447e+02
1.731874991600634814e+02 1.304609390748809687e+02
1.905312487400952079e+02 1.391328138648968604e+02
2.035390609251190313e+02 1.564765634449285869e+02
9.514062604992065530e+01 1.564765634449285869e+02
1.124843756299523960e+02 1.564765634449285869e+02
1.298281252099841367e+02 1.608125008399365186e+02
1.558437495800317265e+02 1.651484382349444502e+02
8.213281386489686042e+01 1.824921878149762051e+02
1.038125008399365186e+02 1.868281252099841367e+02
1.211562504199682593e+02 1.868281252099841367e+02
1.558437495800317265e+02 1.824921878149762051e+02
9.947656344492858693e+01 2.041718747900158633e+02
1.254921878149762051e+02 2.085078121850237949e+02
1.515078121850237949e+02 1.911640626049920684e+02
1.688515617650555498e+02 1.911640626049920684e+02
1.385000000000000000e+02 2.431953113450872763e+02
1.515078121850237949e+02 2.345234365550714131e+02
1.645156243700475898e+02 2.258515617650555498e+02
1.818593739500793447e+02 2.085078121850237949e+02
1.964765609689112011e+02 1.781640623298790160e+02
1.511640623298790160e+02 1.045312520414517508e+02
1.738203116493951086e+02 1.158593767012097828e+02
1.908124986390321851e+02 1.328515636908468593e+02
2.078046856286692332e+02 1.498437506804839074e+02
9.452343903108881307e+01 1.555078130103629519e+02
1.058515636908468593e+02 1.555078130103629519e+02
1.285078130103629519e+02 1.611718753402419679e+02
1.568281246597580321e+02 1.668359376701209840e+02
8.319531437133076679e+01 1.838281246597580321e+02
1.001875013609678291e+02 1.838281246597580321e+02
1.228437506804839074e+02 1.838281246597580321e+02
1.568281246597580321e+02 1.838281246597580321e+02
1.001875013609678291e+02 2.121484363091531407e+02
1.115156260207258754e+02 2.121484363091531407e+02
1.341718753402419679e+02 2.064843739792741246e+02
1.681562493195160926e+02 1.951562493195160926e+02
1.398359376701209840e+02 2.461328102884272653e+02
1.568281246597580321e+02 2.348046856286692332e+02
1.681562493195160926e+02 2.234765609689112011e+02
1.908124986390321851e+02 2.064843739792741246e+02
1.923046885573421889e+02 1.810156253020977601e+02
1.517578126510488801e+02 7.964843553636451645e+01
1.720312506041955203e+02 1.066796861405600509e+02
1.923046885573421889e+02 1.269531240937066912e+02
2.058203138594399491e+02 1.539843746979022399e+02
9.093749879160893101e+01 1.539843746979022399e+02
1.044531240937066912e+02 1.539843746979022399e+02
1.247265620468533456e+02 1.607421873489511199e+02
1.585156253020977601e+02 1.675000000000000000e+02
7.742187348951117087e+01 1.877734379531466402e+02
9.769531144265781109e+01 1.877734379531466402e+02
1.179687493958044655e+02 1.877734379531466402e+02
1.585156253020977601e+02 1.810156253020977601e+02
9.093749879160893101e+01 2.148046885573421889e+02
1.112109367447555854e+02 2.080468759062933088e+02
1.314843746979022399e+02 2.080468759062933088e+02
1.652734379531466402e+02 2.012890632552444004e+02
1.314843746979022399e+02 2.553515644636354978e+02
1.450000000000000000e+02 2.418359391615377376e+02
1.585156253020977601e+02 2.283203138594399491e+02
1.855468759062933088e+02 2.148046885573421889e+02
1.936718745013786247e+02 1.759531249287683750e+02
1.519531249287683750e+02 7.860937592601111135e+01
1.658593747863051249e+02 1.064218756410846254e+02
1.867187495726102497e+02 1.272812504273897503e+02
2.006249994301469997e+02 1.550937501424632501e+02
8.242187564108462539e+01 1.550937501424632501e+02
1.032812504273897503e+02 1.550937501424632501e+02
1.241406252136948751e+02 1.620468750712316250e+02
1.519531249287683750e+02 1.690000000000000000e+02
7.546875071231623622e+01 1.829062498575367499e+02
9.632812549862137530e+01 1.898593747863051249e+02
1.171875002849265002e+02 1.829062498575367499e+02
1.519531249287683750e+02 1.829062498575367499e+02
8.937500056985300034e+01 2.176718745013786247e+02
1.102343753561581252e+02 2.107187495726102497e+02
1.310937501424632501e+02 2.037656246438418748e+02
1.658593747863051249e+02 1.968124997150734998e+02
1.310937501424632501e+02 2.593906240739888744e+02
1.450000000000000000e+02 2.454843742164521245e+02
1.589062498575367499e+02 2.315781243589153746e+02
1.867187495726102497e+02 2.107187495726102497e+02
1.941718745013786247e+02 1.739531249287683750e+02
1.594062498575367499e+02 8.356250085477948630e+01
1.663593747863051249e+02 1.044218756410846254e+02
1.872187495726102497e+02 1.252812504273897503e+02
2.080781243589153746e+02 1.530937501424632501e+02
8.292187564108462539e+01 1.530937501424632501e+02
1.037812504273897503e+02 1.600468750712316250e+02
1.246406252136948751e+02 1.600468750712316250e+02
1.524531249287683750e+02 1.670000000000000000e+02
7.596875071231623622e+01 1.878593747863051249e+02
9.682812549862137530e+01 1.878593747863051249e+02
1.176875002849265002e+02 1.809062498575367499e+02
1.524531249287683750e+02 1.809062498575367499e+02
8.987500056985300034e+01 2.156718745013786247e+02
1.107343753561581252e+02 2.087187495726102497e+02
1.315937501424632501e+02 2.087187495726102497e+02
1.663593747863051249e+02 1.948124997150734998e+02
1.315937501424632501e+02 2.573906240739888744e+02
1.455000000000000000e+02 2.434843742164521245e+02
1.594062498575367499e+02 2.295781243589153746e+02
1.872187495726102497e+02 2.087187495726102497e+02
1.957656226941945761e+02 1.781093746705992373e+02
1.602187493411984462e+02 7.857812928221008519e+01
1.673281240117976836e+02 9.990625329400775456e+01
1.886562480235953387e+02 1.283437519764046613e+02
2.028749973647937850e+02 1.496718759882023164e+02
8.201562796460697768e+01 1.567812506588015538e+02
9.623437730580542393e+01 1.567812506588015538e+02
1.246718759882023306e+02 1.638906253294007627e+02
1.531093746705992373e+02 1.638906253294007627e+02
7.490625329400775456e+01 1.852187493411984462e+02
9.623437730580542393e+01 1.852187493411984462e+02
1.175625013176031075e+02 1.852187493411984462e+02
1.531093746705992373e+02 1.852187493411984462e+02
8.912500263520621502e+01 2.207656226941945761e+02
1.104531266470038702e+02 2.136562480235953387e+02
1.317812506588015538e+02 2.065468733529961298e+02
1.673281240117976836e+02 1.994374986823968925e+02
1.388906253294007627e+02 2.634218707177899432e+02
1.531093746705992373e+02 2.420937467059922596e+02
1.602187493411984462e+02 2.349843720353930223e+02
1.886562480235953387e+02 2.136562480235953387e+02
1.923906234371516462e+02 1.735000000000000000e+02
1.566484372395252649e+02 8.057031588617142859e+01
1.637968744790505582e+02 1.020156276047472517e+02
1.852421861976263813e+02 1.234609393233230890e+02
2.066874979162022044e+02 1.449062510418989120e+02
7.801562760474725167e+01 1.592031255209494418e+02
9.946093932332308896e+01 1.592031255209494418e+02
1.209062510418988978e+02 1.663515627604747351e+02
1.566484372395252649e+02 1.663515627604747351e+02
7.801562760474725167e+01 1.949453117185758231e+02
9.946093932332308896e+01 1.949453117185758231e+02
1.209062510418988978e+02 1.877968744790505582e+02
1.566484372395252649e+02 1.877968744790505582e+02
9.946093932332308896e+01 2.235390606766769110e+02
1.137578138023736187e+02 2.163906234371516462e+02
1.352031255209494418e+02 2.092421861976263813e+02
1.709453117185758231e+02 2.020937489581010880e+02
1.423515627604747351e+02 2.664296841138285572e+02
1.566484372395252649e+02 2.449843723952527625e+02
1.709453117185758231e+02 2.378359351557274692e+02
1.923906234371516462e+02 2.092421861976263813e+02
1.950937490966535108e+02 1.730000000000000000e+02
1.515000000000000000e+02 7.854687695725074548e+01
1.660312496988844941e+02 1.003437515055775009e+02
1.878281242472112353e+02 1.221406260539042421e+02
2.023593739460957579e+02 1.439375006022310117e+02
7.884375150557750089e+01 1.657343751505577529e+02
1.006406260539042421e+02 1.657343751505577529e+02
1.224375006022309975e+02 1.657343751505577529e+02
1.515000000000000000e+02 1.657343751505577529e+02
7.884375150557750089e+01 2.020624993977689883e+02
1.006406260539042421e+02 1.947968745483267412e+02
1.224375006022309975e+02 1.947968745483267412e+02
1.587656248494422471e+02 1.875312496988844941e+02
1.006406260539042421e+02 2.311249987955380050e+02
1.224375006022309975e+02 2.238593739460957579e+02
1.442343751505577529e+02 2.093281242472112353e+02
1.732968745483267412e+02 1.947968745483267412e+02
1.515000000000000000e+02 2.674531230427492687e+02
1.660312496988844941e+02 2.456562484944224991e+02
1.732968745483267412e+02 2.311249987955380050e+02
1.950937490966535108e+02 2.093281242472112353e+02
1.821171871953647496e+02 1.803906249129613570e+02
1.563359373694420356e+02 9.015625052223185776e+01
1.627812498259227141e+02 1.094921878916738933e+02
1.821171871953647496e+02 1.288281252611159289e+02
1.950078121083261067e+02 1.546093750870386430e+02
7.899218789167389332e+01 1.481640626305579644e+02
9.832812526111592888e+01 1.546093750870386430e+02
1.176640626305579644e+02 1.610546875435193215e+02
1.498906249129613570e+02 1.675000000000000000e+02
7.254687543519321480e+01 1.803906249129613570e+02
9.188281280463525036e+01 1.803906249129613570e+02
1.112187501740772859e+02 1.803906249129613570e+02
1.434453124564806785e+02 1.803906249129613570e+02
7.899218789167389332e+01 2.126171871953647496e+02
9.832812526111592888e+01 2.061718747388840711e+02
1.241093750870386430e+02 1.997265622824033926e+02
1.498906249129613570e+02 1.932812498259227141e+02
1.176640626305579644e+02 2.512890619342488208e+02
1.370000000000000000e+02 2.383984370212874637e+02
1.434453124564806785e+02 2.255078121083261067e+02
1.692265622824033926e+02 2.061718747388840711e+02
1.912656245413963916e+02 1.670390625764339347e+02
1.315781251528678695e+02 8.496875091720720263e+01
1.539609374235660653e+02 9.989062576433933316e+01
1.763437496942642611e+02 1.148125006114714779e+02
1.912656245413963916e+02 1.371953128821696737e+02
7.189062576433933316e+01 1.819609374235660653e+02
9.427343803503754316e+01 1.745000000000000000e+02
1.241171877293018042e+02 1.745000000000000000e+02
1.465000000000000000e+02 1.670390625764339347e+02
7.935156318790541263e+01 2.192656245413963916e+02
1.017343754586036084e+02 2.118046871178303263e+02
1.241171877293018042e+02 1.968828122706981958e+02
1.614218748471321305e+02 1.819609374235660653e+02
1.091953128821696737e+02 2.491093742356606526e+02
1.315781251528678695e+02 2.341874993885285221e+02
1.465000000000000000e+02 2.118046871178303263e+02
1.763437496942642611e+02 1.968828122706981958e+02
1.688828122706981958e+02 2.714921865063588484e+02
1.763437496942642611e+02 2.491093742356606526e+02
1.838046871178303263e+02 2.341874993885285221e+02
1.987265619649624568e+02 2.043437496942642611e+02
1.893593739500793447e+02 1.650468753499735612e+02
1.170937506999471083e+02 9.278125209984131061e+01
1.387734376749867806e+02 1.000078144248545442e+02
1.676796869750396581e+02 1.144609390748809830e+02
1.893593739500793447e+02 1.289140637249074359e+02
7.373437674986776358e+01 2.011796869750396581e+02
9.541406372490743593e+01 1.867265623250132194e+02
1.170937506999471083e+02 1.795000000000000000e+02
1.460000000000000000e+02 1.650468753499735612e+02
8.818750139989421655e+01 2.373124986001057835e+02
1.098671883749338747e+02 2.228593739500793447e+02
1.243203130249603277e+02 2.084062493000529059e+02
1.604531246500264388e+02 1.867265623250132194e+02
1.243203130249603277e+02 2.662187479001586894e+02
1.387734376749867806e+02 2.445390609251190313e+02
1.532265623250132194e+02 2.228593739500793447e+02
1.749062493000529059e+02 1.939531246500264388e+02
1.893593739500793447e+02 2.734453102251719088e+02
1.965859362750925641e+02 2.517656232501322506e+02
1.965859362750925641e+02 2.300859362750925641e+02
1.965859362750925641e+02 2.011796869750396581e+02
1.886562480235953387e+02 1.576718759882023164e+02
1.033437519764046613e+02 9.368750395280930832e+01
1.317812506588015538e+02 1.079062532940077546e+02
1.602187493411984462e+02 1.150156279646069777e+02
1.815468733529961298e+02 1.292343773058054239e+02
7.490625329400775456e+01 2.074374986823968925e+02
9.623437730580542393e+01 1.932187493411984462e+02
1.175625013176031075e+02 1.861093746705992373e+02
1.460000000000000000e+02 1.718906253294007627e+02
8.912500263520621502e+01 2.429843720353930223e+02
1.104531266470038702e+02 2.287656226941945761e+02
1.317812506588015538e+02 2.074374986823968925e+02
1.602187493411984462e+02 1.861093746705992373e+02
1.246718759882023306e+02 2.643124960471906775e+02
1.460000000000000000e+02 2.429843720353930223e+02
1.602187493411984462e+02 2.216562480235953387e+02
1.744374986823968925e+02 1.932187493411984462e+02
1.957656226941945761e+02 2.714218707177899432e+02
1.957656226941945761e+02 2.500937467059922596e+02
1.957656226941945761e+02 2.287656226941945761e+02
2.028749973647937850e+02 1.932187493411984462e+02
1.859062491937875166e+02 1.495781256718437362e+02
9.512500107494994950e+01 1.171562513436874440e+02
1.210625005374749747e+02 1.106718764780561912e+02
1.470000000000000000e+02 1.106718764780561912e+02
1.794218743281562638e+02 1.236406262093186967e+02
8.215625134368744398e+01 2.209062491937875166e+02
1.016093759405812023e+02 2.014531245968937583e+02
1.210625005374749747e+02 1.884843748656312528e+02
1.470000000000000000e+02 1.690312502687374945e+02
1.080937508062124692e+02 2.533281235219438088e+02
1.210625005374749747e+02 2.338749989250500505e+02
1.405156251343687472e+02 2.144218743281562638e+02
1.599687497312625055e+02 1.820000000000000000e+02
1.470000000000000000e+02 2.662968732532063427e+02
1.599687497312625055e+02 2.403593737906813033e+02
1.664531245968937583e+02 2.209062491937875166e+02
1.794218743281562638e+02 1.884843748656312528e+02
2.053593737906813033e+02 2.533281235219438088e+02
2.053593737906813033e+02 2.338749989250500505e+02
2.053593737906813033e+02 2.144218743281562638e+02
1.988749989250500505e+02 1.820000000000000000e+02
1.783359376371290637e+02 1.442968748354451236e+02
8.282812472574187268e+01 1.060937496708902472e+02
1.082968748354451236e+02 1.124609371983160599e+02
1.337656249451483745e+02 1.124609371983160599e+02
1.656015625822774382e+02 1.188281247257418727e+02
8.282812472574187268e+01 2.270703126919806891e+02
1.019296873080193109e+02 2.079687501097032509e+02
1.146640623628709363e+02 1.888671875274258127e+02
1.465000000000000000e+02 1.633984374177225618e+02
1.146640623628709363e+02 2.525390628016839401e+02
1.273984374177225618e+02 2.334375002194065019e+02
1.401328124725741873e+02 2.143359376371290637e+02
1.592343750548516255e+02 1.761328124725741873e+02
1.528671875274258127e+02 2.652734378565355655e+02
1.592343750548516255e+02 2.398046877468323146e+02
1.656015625822774382e+02 2.143359376371290637e+02
1.783359376371290637e+02 1.825000000000000000e+02
2.101718752742581273e+02 2.461718752742581273e+02
2.038046877468323146e+02 2.207031251645548764e+02
2.038046877468323146e+02 2.079687501097032509e+02
1.910703126919806891e+02 1.761328124725741873e+02
1.678124988566560774e+02 1.420312517150158840e+02
7.289062814419580150e+01 1.167187528583598208e+02
9.820312700085187885e+01 1.167187528583598208e+02
1.298437505716719613e+02 1.103906281441958015e+02
1.551562494283280387e+02 1.167187528583598208e+02
8.554687757252384017e+01 2.306249977133121547e+02
9.820312700085187885e+01 2.116406235708200825e+02
1.171875011433439226e+02 1.926562494283280387e+02
1.425000000000000000e+02 1.673437505716719613e+02
1.171875011433439226e+02 2.559374965699682321e+02
1.298437505716719613e+02 2.369531224274761598e+02
1.361718752858359949e+02 2.116406235708200825e+02
1.551562494283280387e+02 1.736718752858359949e+02
1.614843741424920438e+02 2.622656212841322372e+02
1.614843741424920438e+02 2.369531224274761598e+02
1.678124988566560774e+02 2.116406235708200825e+02
1.741406235708200825e+02 1.800000000000000000e+02
2.121093718558041985e+02 2.369531224274761598e+02
2.057812471416401650e+02 2.179687482849841160e+02
1.994531224274761598e+02 1.989843741424920438e+02
1.931249977133121547e+02 1.673437505716719613e+02
1.660000005587935448e+02 1.384999991618096544e+02
6.599999832361932306e+01 1.134999986030161097e+02
9.099999888241288204e+01 1.134999986030161097e+02
1.222499995809048272e+02 1.134999986030161097e+02
1.535000002793967724e+02 1.134999986030161097e+02
8.474999874271449585e+01 2.260000011175871180e+02
1.034999991618096544e+02 2.135000008381903456e+02
1.159999994412064410e+02 1.885000002793967724e+02
1.347499998603016138e+02 1.634999997206032276e+02
1.222499995809048272e+02 2.510000016763806912e+02
1.284999997206032276e+02 2.322500012572855042e+02
1.347499998603016138e+02 2.072500006984919310e+02
1.535000002793967724e+02 1.697499998603016138e+02
1.660000005587935448e+02 2.510000016763806912e+02
1.660000005587935448e+02 2.260000011175871180e+02
1.660000005587935448e+02 2.072500006984919310e+02
1.722500006984919310e+02 1.760000000000000000e+02
2.097500015366822765e+02 2.260000011175871180e+02
2.035000013969838903e+02 2.072500006984919310e+02
1.972500012572855042e+02 1.947500004190951586e+02
1.910000011175871180e+02 1.634999997206032276e+02
1.638437503962304618e+02 1.332343744056543073e+02
6.446874881130860047e+01 1.146015616084814468e+02
8.931249920753906224e+01 1.146015616084814468e+02
1.203671872028271537e+02 1.083906240094238314e+02
1.514218751981152309e+02 1.083906240094238314e+02
8.931249920753906224e+01 2.263984383915185390e+02
1.017343744056543073e+02 2.077656255943456927e+02
1.141562496037695382e+02 1.891328127971728463e+02
1.327890624009423846e+02 1.580781248018847691e+02
1.203671872028271537e+02 2.512421887877490008e+02
1.327890624009423846e+02 2.263984383915185390e+02
1.390000000000000000e+02 2.015546879952880772e+02
1.514218751981152309e+02 1.642890624009423846e+02
1.638437503962304618e+02 2.512421887877490008e+02
1.638437503962304618e+02 2.263984383915185390e+02
1.638437503962304618e+02 2.015546879952880772e+02
1.700546879952880772e+02 1.705000000000000000e+02
2.073203135896337699e+02 2.201875007924609235e+02
2.073203135896337699e+02 2.015546879952880772e+02
1.948984383915185390e+02 1.891328127971728463e+02
1.886875007924609235e+02 1.580781248018847691e+02
1.641562504744288162e+02 1.347656242883567757e+02
6.353124857671352288e+01 1.158984364325351351e+02
8.868749905114233911e+01 1.158984364325351351e+02
1.201328121441783878e+02 1.096093738139279310e+02
1.515781252372144081e+02 1.096093738139279310e+02
8.868749905114233911e+01 2.291015635674648649e+02
1.012656242883567614e+02 2.102343757116432243e+02
1.138437495255711696e+02 1.850781252372144081e+02
1.327109373813927959e+02 1.599218747627855919e+02
1.264218747627855919e+02 2.542578140418936812e+02
1.327109373813927959e+02 2.291015635674648649e+02
1.390000000000000000e+02 2.039453130930360203e+02
1.515781252372144081e+02 1.662109373813927959e+02
1.641562504744288162e+02 2.479687514232864771e+02
1.704453130930360203e+02 2.228125009488576609e+02
1.641562504744288162e+02 2.039453130930360203e+02
1.704453130930360203e+02 1.662109373813927959e+02
2.081796888046792731e+02 2.228125009488576609e+02
2.081796888046792731e+02 2.039453130930360203e+02
1.956015635674648649e+02 1.913671878558216122e+02
1.893125009488576609e+02 1.599218747627855919e+02
1.638593747916347638e+02 1.319687502500382834e+02
6.510937545840351959e+01 1.196250003333843779e+02
9.596875025003828341e+01 1.196250003333843779e+02
1.268281250416730472e+02 1.072812504167304724e+02
1.515156248749808583e+02 1.072812504167304724e+02
8.979687529171133065e+01 2.245468746249425749e+02
1.021406252083652362e+02 2.060312497499617166e+02
1.144843751250191417e+02 1.875156248749808583e+02
1.330000000000000000e+02 1.566562500833460945e+02
1.268281250416730472e+02 2.430624994999234332e+02
1.330000000000000000e+02 2.245468746249425749e+02
1.391718749583269528e+02 1.998593747916347638e+02
1.515156248749808583e+02 1.628281250416730472e+02
1.576874998333078111e+02 2.368906245415964804e+02
1.638593747916347638e+02 2.183749996666156221e+02
1.638593747916347638e+02 1.998593747916347638e+02
1.700312497499617166e+02 1.690000000000000000e+02
1.947187495832695276e+02 2.183749996666156221e+02
1.947187495832695276e+02 2.060312497499617166e+02
1.885468746249425749e+02 1.875156248749808583e+02
1.823749996666156221e+02 1.628281250416730472e+02
1.826640616866525306e+02 1.805468747676150087e+02
1.565703121514225131e+02 8.269531401050241470e+01
1.630937495352300175e+02 1.087890635457324322e+02
1.826640616866525306e+02 1.283593756971549738e+02
1.957109364542675678e+02 1.544531252323849913e+02
8.481250092953995079e+01 1.479296878485774869e+02
9.785937569715495954e+01 1.544531252323849913e+02
1.174296878485774869e+02 1.609765626161924956e+02
1.500468747676150087e+02 1.675000000000000000e+02
7.176562616192494204e+01 1.740234373838075044e+02
9.133593831334745516e+01 1.805468747676150087e+02
1.109062504647699825e+02 1.805468747676150087e+02
1.435234373838075044e+02 1.805468747676150087e+02
8.481250092953995079e+01 2.066406243028450262e+02
9.785937569715495954e+01 2.066406243028450262e+02
1.239531252323849913e+02 2.001171869190375219e+02
1.500468747676150087e+02 1.935937495352300175e+02
1.174296878485774869e+02 2.457812486056900809e+02
1.370000000000000000e+02 2.392578112218825765e+02
1.435234373838075044e+02 2.262109364542675678e+02
1.696171869190375219e+02 2.066406243028450262e+02
1.685625004538014764e+02 1.349218744327481545e+02
7.832812375204591149e+01 1.469531246596488927e+02
1.023906242058474021e+02 1.349218744327481545e+02
1.264531246596488927e+02 1.168749990923970330e+02
1.565312502269007382e+02 1.048437488654962806e+02
1.023906242058474021e+02 2.251562511345037194e+02
1.084062493192977712e+02 2.071093757941525837e+02
1.204374995461985236e+02 1.830468753403511073e+02
1.324687497730992618e+02 1.589843748865496309e+02
1.445000000000000000e+02 2.432031264748548267e+02
1.445000000000000000e+02 2.191406260210533503e+02
1.445000000000000000e+02 1.950781255672518455e+02
1.505156251134503691e+02 1.710156251134503691e+02
1.625468753403511073e+02 2.311718762479540885e+02
1.625468753403511073e+02 2.131250009076029528e+02
1.625468753403511073e+02 1.950781255672518455e+02
1.685625004538014764e+02 1.710156251134503691e+02
1.866093757941525837e+02 2.131250009076029528e+02
1.805937506807022146e+02 2.010937506807022146e+02
1.805937506807022146e+02 1.890625004538014764e+02
1.866093757941525837e+02 1.650000000000000000e+02
1.715624994804966263e+02 1.387500004156026989e+02
9.718750093510604415e+01 1.600000000000000000e+02
1.237500004156026989e+02 1.440625003117020242e+02
1.396875001039006747e+02 1.228125007273047089e+02
1.609374996882979758e+02 1.068750010390067189e+02
1.078125007273047089e+02 2.290624986492912569e+02
1.131250006234040342e+02 2.078124990648939558e+02
1.237500004156026989e+02 1.865624994804966263e+02
1.396875001039006747e+02 1.546875001039006747e+02
1.662499995843973011e+02 2.131249989609932811e+02
1.556249997921986505e+02 2.024999991687946022e+02
1.503124998960993253e+02 1.918749993765959516e+02
1.556249997921986505e+02 1.653124998960993253e+02
1.662499995843973011e+02 2.131249989609932811e+02
1.715624994804966263e+02 1.971874992726952769e+02
1.662499995843973011e+02 1.812499995843973011e+02
1.715624994804966263e+02 1.706249997921986505e+02
1.874999991687946022e+02 1.918749993765959516e+02
1.821874992726952769e+02 1.812499995843973011e+02
1.874999991687946022e+02 1.759374996882979758e+02
1.874999991687946022e+02 1.600000000000000000e+02
1.687187502073284122e+02 1.357812497926715878e+02
1.089921871371752786e+02 1.629296875518321031e+02
1.307109373445036908e+02 1.466406248963357939e+02
1.415703124481678969e+02 1.249218746890073817e+02
1.687187502073284122e+02 1.032031244816789695e+02
1.089921871371752786e+02 2.226562506219852366e+02
1.144218746890073817e+02 2.009375004146568244e+02
1.252812497926715878e+02 1.846484377591605153e+02
1.361406248963357939e+02 1.629296875518321031e+02
1.850078128628247214e+02 1.683593751036642061e+02
1.524296875518321031e+02 1.629296875518321031e+02
1.524296875518321031e+02 1.737890626554963092e+02
1.578593751036642061e+02 1.683593751036642061e+02
1.850078128628247214e+02 1.683593751036642061e+02
1.741484377591605153e+02 1.683593751036642061e+02
1.687187502073284122e+02 1.737890626554963092e+02
1.687187502073284122e+02 1.629296875518321031e+02
1.850078128628247214e+02 1.683593751036642061e+02
1.795781253109926183e+02 1.683593751036642061e+02
1.850078128628247214e+02 1.737890626554963092e+02
1.850078128628247214e+02 1.575000000000000000e+02
1.654687499332794687e+02 1.451484375500403985e+02
1.245312500667205313e+02 1.605000000000000000e+02
1.398828125166801328e+02 1.451484375500403985e+02
1.450000000000000000e+02 1.246796876167609298e+02
1.654687499332794687e+02 1.042109376834814611e+02
1.040625001334410626e+02 2.219062497998384060e+02
1.091796876167609298e+02 2.014374998665589374e+02
1.194140625834006642e+02 1.809687499332794687e+02
1.398828125166801328e+02 1.605000000000000000e+02
1.654687499332794687e+02 1.451484375500403985e+02
1.552343749666397343e+02 1.656171874833198672e+02
1.501171874833198672e+02 1.809687499332794687e+02
1.501171874833198672e+02 1.707343749666397343e+02
1.757031248999192030e+02 1.451484375500403985e+02
1.654687499332794687e+02 1.656171874833198672e+02
1.654687499332794687e+02 1.809687499332794687e+02
1.603515624499596015e+02 1.758515624499596015e+02
1.808203123832390702e+02 1.553828125166801328e+02
1.757031248999192030e+02 1.707343749666397343e+02
1.808203123832390702e+02 1.758515624499596015e+02
1.808203123832390702e+02 1.707343749666397343e+02
1.751875001012813300e+02 1.418124998987186700e+02
1.344062499493593350e+02 1.554062499493593350e+02
1.389374999662395567e+02 1.463437499155988917e+02
1.480000000000000000e+02 1.236874998311977834e+02
1.706562500844011083e+02 1.100937497805571184e+02
1.026874998311977834e+02 2.233750002025626600e+02
1.117499998649582267e+02 2.007187501181615517e+02
1.253437499155988917e+02 1.735312500168802217e+02
1.434687499831197783e+02 1.554062499493593350e+02
1.570625000337604433e+02 1.327499998649582267e+02
1.570625000337604433e+02 1.599374999662395567e+02
1.525312500168802217e+02 1.780625000337604433e+02
1.570625000337604433e+02 1.644687499831197783e+02
1.751875001012813300e+02 1.372812498818384483e+02
1.661250000675208867e+02 1.508749999324791133e+02
1.661250000675208867e+02 1.735312500168802217e+02
1.706562500844011083e+02 1.690000000000000000e+02
1.797187501181615517e+02 1.463437499155988917e+02
1.797187501181615517e+02 1.599374999662395567e+02
1.797187501181615517e+02 1.735312500168802217e+02
1.887812501519219950e+02 1.644687499831197783e+02
1.814531245267171471e+02 1.018203132099242794e+02
1.642265622633585735e+02 1.822109371055976226e+02
1.757109371055976226e+02 1.649843748422390490e+02
1.814531245267171471e+02 1.535000000000000000e+02
1.814531245267171471e+02 1.247890628944023774e+02
1.068046880521633284e+02 2.281484364745538187e+02
1.125468754732828529e+02 1.994374993689561961e+02
1.182890628944023774e+02 1.764687496844780981e+02
1.412578125788804755e+02 1.592421874211195245e+02
1.584843748422390490e+02 1.707265622633585735e+02
1.412578125788804755e+02 1.649843748422390490e+02
1.297734377366414265e+02 1.535000000000000000e+02
1.584843748422390490e+02 1.190468754732828529e+02
1.699687496844780981e+02 1.707265622633585735e+02
1.470000000000000000e+02 1.477578125788804755e+02
1.470000000000000000e+02 1.362734377366414265e+02
1.642265622633585735e+02 1.190468754732828529e+02
1.699687496844780981e+02 1.592421874211195245e+02
1.699687496844780981e+02 1.592421874211195245e+02
1.814531245267171471e+02 1.535000000000000000e+02
1.814531245267171471e+02 1.247890628944023774e+02
1.679843748549355951e+02 1.419218752030901669e+02
1.379062500580257620e+02 1.677031250290128810e+02
1.465000000000000000e+02 1.419218752030901669e+02
1.465000000000000000e+02 1.247343753191416909e+02
1.679843748549355951e+02 1.290312502901288099e+02
1.035312502901288099e+02 2.278593746228325472e+02
1.121250002321030479e+02 2.063749997678969521e+02
1.293125001160515239e+02 1.677031250290128810e+02
1.422031250290128810e+02 1.548125001160515239e+02
1.679843748549355951e+02 1.247343753191416909e+02
1.593906249129613570e+02 1.419218752030901669e+02
1.465000000000000000e+02 1.634062500580257620e+02
1.593906249129613570e+02 1.634062500580257620e+02
1.765781247969098331e+02 1.333281252611159289e+02
1.679843748549355951e+02 1.462187501740772859e+02
1.679843748549355951e+02 1.677031250290128810e+02
1.722812498259227141e+02 1.634062500580257620e+02
1.808749997678969521e+02 1.462187501740772859e+02
1.765781247969098331e+02 1.548125001160515239e+02
1.808749997678969521e+02 1.677031250290128810e+02
1.851718747388840711e+02 1.591093750870386430e+02
1.840234380232141405e+02 1.049296859303576070e+02
1.730078126744047040e+02 1.765312506976188445e+02
1.785156253488094080e+02 1.710234380232141405e+02
1.895312506976188445e+02 1.600078126744047040e+02
1.895312506976188445e+02 1.434843746511905920e+02
1.234374986047623253e+02 2.261015647672612090e+02
1.289453112791670435e+02 1.985625013952376889e+02
1.399609366279764515e+02 1.710234380232141405e+02
1.619921873255952960e+02 1.545000000000000000e+02
1.730078126744047040e+02 1.710234380232141405e+02
1.564843746511905920e+02 1.600078126744047040e+02
1.509765619767858595e+02 1.489921873255952960e+02
1.619921873255952960e+02 1.269609366279764515e+02
1.840234380232141405e+02 1.600078126744047040e+02
1.675000000000000000e+02 1.434843746511905920e+02
1.619921873255952960e+02 1.324687493023811555e+02
1.730078126744047040e+02 1.214531239535717475e+02
1.950390633720235485e+02 1.545000000000000000e+02
1.895312506976188445e+02 1.600078126744047040e+02
1.950390633720235485e+02 1.600078126744047040e+02
2.060546887208329565e+02 1.545000000000000000e+02
1.976406255850415903e+02 1.399062496099722921e+02
1.865468751950138540e+02 1.676406255850415903e+02
1.810000000000000000e+02 1.620937503900277079e+02
1.976406255850415903e+02 1.620937503900277079e+02
1.976406255850415903e+02 1.510000000000000000e+02
1.421718736349029655e+02 2.231093775351801867e+02
1.477187488299168194e+02 1.953750015601108885e+02
1.532656240249307018e+02 1.676406255850415903e+02
1.699062496099722921e+02 1.510000000000000000e+02
1.865468751950138540e+02 1.676406255850415903e+02
1.754531248049861460e+02 1.565468751950138540e+02
1.699062496099722921e+02 1.454531248049861460e+02
1.810000000000000000e+02 1.399062496099722921e+02
1.976406255850415903e+02 1.454531248049861460e+02
1.865468751950138540e+02 1.454531248049861460e+02
1.976406255850415903e+02 1.620937503900277079e+02
2.031875007800554442e+02 1.510000000000000000e+02
2.087343759750692982e+02 1.510000000000000000e+02
2.087343759750692982e+02 1.565468751950138540e+02
2.142812511700831806e+02 1.565468751950138540e+02
2.142812511700831806e+02 1.510000000000000000e+02
2.088906248996008799e+02 9.793750040159648051e+01
2.088906248996008799e+02 1.550859373494013198e+02
1.777187502007982403e+02 1.758671871486030795e+02
2.348671871486030795e+02 8.235156305219516071e+01
2.140859373494013198e+02 8.235156305219516071e+01
1.621328128513969205e+02 2.070390618474057192e+02
1.673281253011973604e+02 1.810624995984035195e+02
1.725234377509978003e+02 1.602812497992017597e+02
1.933046875501995601e+02 1.395000000000000000e+02
2.140859373494013198e+02 1.498906248996008799e+02
1.985000000000000000e+02 1.395000000000000000e+02
1.933046875501995601e+02 1.291093751003991201e+02
2.036953124498004399e+02 1.291093751003991201e+02
2.192812497992017597e+02 1.187187502007982403e+02
2.140859373494013198e+02 1.187187502007982403e+02
2.192812497992017597e+02 1.187187502007982403e+02
2.244765622490021997e+02 1.135234377509978003e+02
2.296718746988026396e+02 9.793750040159648051e+01
2.348671871486030795e+02 9.793750040159648051e+01
2.348671871486030795e+02 9.793750040159648051e+01
2.348671871486030795e+02 1.031328128513969205e+02
1.828437499582360033e+02 1.768124999880674295e+02
1.572187499821011443e+02 8.071875007756170817e+01
1.636249999761348590e+02 1.063437500536965672e+02
1.828437499582360033e+02 1.255625000357977115e+02
1.956562499463034328e+02 1.511875000119325705e+02
8.034375005369656719e+01 1.447812500178988557e+02
9.956250003579771146e+01 1.511875000119325705e+02
1.187812500178988557e+02 1.575937500059662852e+02
1.508124999880674295e+02 1.640000000000000000e+02
7.393750005966285244e+01 1.768124999880674295e+02
9.315625004176399671e+01 1.768124999880674295e+02
1.123750000238651410e+02 1.768124999880674295e+02
1.508124999880674295e+02 1.768124999880674295e+02
8.034375005369656719e+01 2.088437499582360033e+02
9.956250003579771146e+01 2.024374999642022885e+02
1.251875000119325705e+02 2.024374999642022885e+02
1.572187499821011443e+02 1.960312499701685738e+02
1.187812500178988557e+02 2.472812499224382918e+02
1.315937500059662852e+02 2.344687499343708623e+02
1.444062499940337148e+02 2.216562499463034328e+02
1.700312499701685738e+02 2.088437499582360033e+02
2.170156253488094080e+02 9.345312395357174751e+01
1.784609366279764515e+02 1.981015647672612090e+02
1.839687493023811555e+02 1.705625013952376889e+02
2.280312506976188445e+02 1.209921873255952960e+02
2.280312506976188445e+02 8.794531127916704349e+01
1.729531239535717475e+02 1.925937520928565050e+02
1.839687493023811555e+02 1.650546887208329565e+02
1.894765619767858595e+02 1.430234380232141405e+02
2.004921873255952960e+02 1.265000000000000000e+02
2.335390633720235485e+02 1.485312506976188445e+02
2.170156253488094080e+02 1.320078126744047040e+02
2.060000000000000000e+02 1.265000000000000000e+02
2.115078126744047040e+02 1.154843746511905778e+02
2.390468760464282525e+02 1.540390633720235485e+02
2.280312506976188445e+02 1.265000000000000000e+02
2.170156253488094080e+02 1.154843746511905778e+02
2.170156253488094080e+02 1.044687493023811555e+02
2.390468760464282525e+02 9.896093662797645152e+01
2.335390633720235485e+02 1.044687493023811555e+02
2.335390633720235485e+02 9.896093662797645152e+01
2.280312506976188445e+02 9.345312395357174751e+01
2.159999999254941940e+02 1.020000002235174179e+02
2.409999995529651642e+02 1.269999998509883881e+02
2.359999996274709702e+02 1.120000000745058060e+02
2.309999997019767761e+02 9.700000029802322388e+01
2.259999997764825821e+02 8.700000044703483582e+01
1.910000002980232239e+02 1.819999990314245224e+02
1.960000002235174179e+02 1.569999994039535522e+02
1.960000002235174179e+02 1.419999996274709702e+02
2.060000000745058060e+02 1.269999998509883881e+02
2.010000001490116119e+02 1.519999994784593582e+02
1.960000002235174179e+02 1.519999994784593582e+02
1.960000002235174179e+02 1.419999996274709702e+02
2.060000000745058060e+02 1.269999998509883881e+02
2.409999995529651642e+02 1.170000000000000000e+02
1.960000002235174179e+02 1.469999995529651642e+02
2.259999997764825821e+02 1.319999997764825821e+02
2.110000000000000000e+02 1.269999998509883881e+02
2.409999995529651642e+02 1.219999999254941940e+02
2.309999997019767761e+02 1.219999999254941940e+02
2.359999996274709702e+02 1.219999999254941940e+02
2.259999997764825821e+02 1.219999999254941940e+02
2.161171874833198672e+02 8.503125006672053132e+01
2.365859374165993358e+02 1.208515624499596015e+02
2.365859374165993358e+02 1.055000000000000000e+02
2.365859374165993358e+02 8.503125006672053132e+01
2.263515624499596015e+02 7.479687510008079698e+01
1.905312500667205313e+02 1.720234372831582732e+02
1.905312500667205313e+02 1.464374998665589374e+02
1.956484375500403985e+02 1.310859374165993358e+02
2.058828125166801328e+02 1.055000000000000000e+02
2.007656250333602657e+02 1.362031248999192030e+02
1.854140625834006642e+02 1.362031248999192030e+02
2.263515624499596015e+02 1.259687499332794687e+02
2.110000000000000000e+02 1.106171874833198672e+02
2.417031248999192030e+02 1.055000000000000000e+02
2.417031248999192030e+02 1.157343749666397343e+02
2.314687499332794687e+02 1.208515624499596015e+02
2.161171874833198672e+02 1.106171874833198672e+02
2.263515624499596015e+02 1.003828125166801328e+02
2.417031248999192030e+02 1.106171874833198672e+02
2.417031248999192030e+02 1.106171874833198672e+02
2.263515624499596015e+02 1.106171874833198672e+02
2.129687499171268428e+02 6.329687512430973584e+01
2.391406247099439497e+02 4.235937529005605029e+01
2.339062497513805283e+02 3.712500033149262890e+01
2.286718747928171069e+02 3.712500033149262890e+01
2.182031248756902642e+02 4.235937529005605029e+01
1.710937502486194717e+02 1.418124995027610566e+02
1.763281252071828931e+02 1.208749996685073711e+02
1.815625001657463145e+02 1.051718747928171069e+02
1.920312500828731572e+02 8.423437495856342139e+01
2.339062497513805283e+02 7.376562504143657861e+01
2.339062497513805283e+02 8.423437495856342139e+01
2.339062497513805283e+02 8.423437495856342139e+01
2.077343749585634214e+02 9.470312487569026416e+01
2.286718747928171069e+02 7.376562504143657861e+01
2.286718747928171069e+02 8.946874991712684277e+01
2.234374998342536855e+02 9.993749983425368555e+01
2.182031248756902642e+02 9.470312487569026416e+01
2.182031248756902642e+02 8.946874991712684277e+01
2.286718747928171069e+02 9.470312487569026416e+01
2.339062497513805283e+02 9.993749983425368555e+01
2.286718747928171069e+02 9.470312487569026416e+01
2.076484378700506568e+02 5.185156212994933611e+01
2.125312504934008757e+02 7.626562524670043786e+01
2.222968757401013420e+02 6.161718737664978107e+01
2.320625009868017798e+02 3.720312425989867222e+01
2.027656252467004379e+02 3.720312425989867222e+01
1.539374990131982202e+02 1.250937514802026556e+02
1.588203116365484391e+02 1.104453136101519988e+02
1.637031242598986580e+02 9.579687574010132778e+01
1.783515621299493432e+02 8.114843787005067099e+01
2.125312504934008757e+02 6.161718737664978107e+01
2.174140631167510946e+02 7.626562524670043786e+01
1.978828126233502189e+02 9.091406311675110885e+01
1.930000000000000000e+02 8.603125049340088992e+01
2.174140631167510946e+02 6.650000000000000000e+01
2.271796883634515609e+02 7.626562524670043786e+01
2.174140631167510946e+02 8.603125049340088992e+01
2.125312504934008757e+02 9.091406311675110885e+01
2.320625009868017798e+02 3.232031163654844619e+01
2.271796883634515609e+02 2.743749901319822015e+01
2.222968757401013420e+02 1.767187376649778230e+01
2.271796883634515609e+02 8.603125049340088992e+01
1.908124996308906702e+02 4.123437546138664800e+01
2.130781241695040080e+02 2.787500073821864532e+01
1.997187494463360053e+02 2.787500073821864532e+01
1.952656245386133378e+02 1.451562601505063554e+01
2.041718743540586729e+02 2.342187583049597777e+01
1.240156260150506284e+02 1.124843739849493716e+02
1.329218758304959920e+02 9.912499926178135468e+01
1.418281256459413271e+02 9.021874944633601956e+01
1.551875003691093298e+02 6.795312490772266756e+01
1.908124996308906702e+02 6.350000000000000000e+01
1.908124996308906702e+02 7.240624981544533512e+01
1.730000000000000000e+02 8.576562453861335200e+01
1.685468750922773324e+02 7.685937472316800267e+01
2.175312490772267040e+02 4.123437546138664800e+01
2.086249992617813405e+02 6.350000000000000000e+01
1.952656245386133378e+02 9.467187435405868712e+01
1.863593747231680027e+02 8.576562453861335200e+01
2.219843739849493716e+02 5.459375018455466488e+01
2.175312490772267040e+02 7.240624981544533512e+01
2.086249992617813405e+02 9.912499926178135468e+01
2.041718743540586729e+02 8.576562453861335200e+01
1.763515623058001438e+02 4.621875015535988496e+01
1.946328121504402588e+02 2.793750031071976991e+01
1.809218747669601726e+02 2.793750031071976991e+01
1.763515623058001438e+02 1.879687538839971239e+01
1.854921872281202013e+02 2.336718784955974115e+01
1.032265629272396836e+02 1.147734370727603164e+02
1.123671878495597412e+02 1.010624996892802301e+02
1.260781252330398274e+02 9.192187476696017256e+01
1.443593750776799425e+02 7.364062492232005752e+01
1.763515623058001438e+02 6.450000000000000000e+01
1.717812498446401150e+02 7.364062492232005752e+01
1.580703124611600288e+02 9.192187476696017256e+01
1.580703124611600288e+02 8.278124984464011504e+01
1.992031246116002876e+02 4.621875015535988496e+01
1.900624996892802301e+02 7.364062492232005752e+01
1.763515623058001438e+02 9.649218722812020133e+01
1.717812498446401150e+02 9.192187476696017256e+01
2.129140619950803739e+02 5.535937507767994248e+01
1.992031246116002876e+02 8.278124984464011504e+01
1.946328121504402588e+02 1.010624996892802301e+02
1.854921872281202013e+02 9.649218722812020133e+01
1.621718747928171069e+02 6.603125008287315723e+01
1.674062497513805283e+02 3.985937529005605029e+01
1.517031248756902642e+02 3.985937529005605029e+01
1.464687499171268428e+02 3.462500033149262890e+01
1.621718747928171069e+02 3.985937529005605029e+01
7.318750049723894335e+01 1.340781245441976353e+02
8.889062537292920751e+01 1.131406247099439497e+02
1.045937502486194717e+02 1.026718747928171069e+02
1.255312500828731572e+02 7.650000000000000000e+01
1.726406247099439497e+02 5.032812520718289306e+01
1.412343749585634214e+02 9.743749983425368555e+01
1.307656250414365786e+02 1.026718747928171069e+02
1.360000000000000000e+02 9.220312487569026416e+01
1.778749996685073711e+02 5.556250016574631445e+01
1.726406247099439497e+02 8.173437495856342139e+01
1.569374998342536855e+02 1.079062497513805283e+02
1.517031248756902642e+02 1.026718747928171069e+02
1.883437495856342139e+02 7.126562504143657861e+01
1.831093746270707925e+02 9.220312487569026416e+01
1.726406247099439497e+02 1.131406247099439497e+02
1.674062497513805283e+02 1.026718747928171069e+02
1.495624992519588261e+02 7.882812556103088752e+01
1.280000000000000000e+02 8.421875037402058695e+01
1.280000000000000000e+02 7.343750074804117389e+01
1.333906248129896994e+02 5.187500149608235489e+01
1.495624992519588261e+02 5.187500149608235489e+01
6.331250224412353589e+01 1.489062481298970511e+02
7.409375187010294894e+01 1.327343736909279528e+02
9.026562630907206142e+01 1.219531240649485255e+02
1.172187503740205869e+02 9.500000000000000000e+01
1.603437488779382250e+02 6.804687593505147447e+01
1.495624992519588261e+02 8.960937518701030058e+01
1.226093751870103006e+02 1.165624992519588261e+02
1.280000000000000000e+02 1.057812496259794131e+02
1.711249985039176522e+02 7.343750074804117389e+01
1.603437488779382250e+02 1.003906248129896994e+02
1.441718744389691267e+02 1.219531240649485255e+02
1.387812496259793988e+02 1.165624992519588261e+02
1.819062481298970511e+02 8.960937518701030058e+01
1.711249985039176522e+02 1.111718744389691125e+02
1.657343736909279528e+02 1.273437488779382250e+02
1.549531240649485255e+02 1.219531240649485255e+02
1.365000000000000000e+02 1.008593750617001206e+02
1.116562503702007234e+02 1.464062493829987943e+02
1.282187501234002411e+02 9.257812518510036170e+01
1.282187501234002411e+02 8.015625037020072341e+01
1.447812498765997589e+02 7.601562543190084398e+01
1.365000000000000000e+02 1.298437496297992766e+02
7.853125086380167375e+01 1.546874992595985532e+02
9.095312567870132625e+01 1.422656244446989149e+02
1.157968753085006028e+02 1.215624997531995177e+02
1.530624997531995177e+02 9.257812518510036170e+01
1.406406249382998794e+02 1.298437496297992766e+02
1.282187501234002411e+02 1.464062493829987943e+02
1.240781251851003617e+02 1.339843745680991560e+02
1.572031246914993972e+02 9.671875012340024114e+01
1.530624997531995177e+02 1.257031246914993972e+02
1.447812498765997589e+02 1.464062493829987943e+02
1.365000000000000000e+02 1.422656244446989149e+02
1.654843745680991560e+02 1.091406249382998794e+02
1.654843745680991560e+02 1.298437496297992766e+02
1.613437496297992766e+02 1.505468743212986737e+02
1.530624997531995177e+02 1.422656244446989149e+02
1.839296868602978066e+02 1.727656248172279447e+02
1.593984372258419171e+02 8.690625109663231740e+01
1.655312496344558895e+02 1.053046883224742345e+02
1.839296868602978066e+02 1.237031255483161658e+02
2.023281240861397237e+02 1.482343751827720553e+02
8.580468832247423450e+01 1.421015627741580829e+02
1.042031255483161658e+02 1.482343751827720553e+02
1.226015627741580829e+02 1.543671875913860276e+02
1.532656248172279447e+02 1.605000000000000000e+02
7.353906350524628976e+01 1.727656248172279447e+02
9.193750073108820686e+01 1.727656248172279447e+02
1.164687503655441105e+02 1.727656248172279447e+02
1.532656248172279447e+02 1.788984372258419171e+02
8.580468832247423450e+01 2.034296868602978066e+02
1.042031255483161658e+02 1.972968744516838342e+02
1.226015627741580829e+02 1.972968744516838342e+02
1.532656248172279447e+02 1.911640620430698618e+02
1.164687503655441105e+02 2.402265613119816408e+02
1.348671875913860276e+02 2.279609364947536960e+02
1.471328124086139724e+02 2.218281240861397237e+02
1.716640620430698618e+02 2.034296868602978066e+02
7.624999980442227354e+01 1.700000007823109343e+02
7.062500009778887033e+01 1.793750002933665826e+02
7.812499970663340321e+01 1.681250008800997762e+02
6.687500029336659679e+01 1.812500001955777407e+02
6.875000019557772646e+01 1.887499998044222593e+02
6.875000019557772646e+01 1.868749999022111297e+02
6.500000039115546713e+01 1.812500001955777407e+02
6.875000019557772646e+01 1.831250000977888703e+02
6.875000019557772646e+01 1.850000000000000000e+02
5.750000078231092004e+01 1.775000003911554529e+02
6.500000039115546713e+01 1.831250000977888703e+02
6.687500029336659679e+01 1.850000000000000000e+02
7.062500009778887033e+01 1.831250000977888703e+02
6.500000039115546713e+01 1.831250000977888703e+02
6.687500029336659679e+01 1.850000000000000000e+02
6.687500029336659679e+01 1.831250000977888703e+02
6.875000019557772646e+01 1.812500001955777407e+02
8.374999941326680641e+01 1.812500001955777407e+02
8.187499951105567675e+01 1.756250004889443233e+02
6.875000019557772646e+01 1.850000000000000000e+02
6.875000019557772646e+01 1.793750002933665826e+02
1.465234380232141405e+02 1.384687493023811555e+02
1.189843746511905778e+02 1.715156253488094080e+02
1.685546887208329565e+02 1.329609366279764515e+02
1.850781267440470970e+02 1.329609366279764515e+02
1.520312506976188445e+02 1.274531239535717475e+02
6.941406058154819902e+01 2.265937520928565050e+02
8.593749860476232527e+01 2.045625013952376889e+02
9.695312395357174751e+01 1.825312506976188445e+02
1.134765619767858738e+02 1.660078126744047040e+02
1.630468760464282525e+02 1.384687493023811555e+02
1.465234380232141405e+02 1.494843746511905920e+02
1.300000000000000000e+02 1.660078126744047040e+02
1.355078126744047040e+02 1.605000000000000000e+02
1.685546887208329565e+02 1.384687493023811555e+02
1.740625013952376889e+02 1.549921873255952960e+02
1.630468760464282525e+02 1.660078126744047040e+02
1.575390633720235485e+02 1.715156253488094080e+02
1.795703140696423930e+02 1.384687493023811555e+02
1.850781267440470970e+02 1.494843746511905920e+02
1.850781267440470970e+02 1.605000000000000000e+02
1.685546887208329565e+02 1.770234380232141405e+02
1.965781267440470970e+02 1.004062479071434808e+02
1.855625013952376889e+02 1.665000000000000000e+02
1.910703140696423930e+02 1.499765619767858595e+02
1.965781267440470970e+02 1.389609366279764515e+02
1.635312506976188445e+02 1.720078126744047040e+02
8.642187325595290304e+01 2.325937520928565050e+02
9.743749860476232527e+01 2.105625013952376889e+02
1.139609366279764515e+02 1.885312506976188445e+02
1.304843746511905920e+02 1.720078126744047040e+02
1.525156253488094080e+02 1.830234380232141405e+02
1.359921873255952960e+02 1.720078126744047040e+02
1.359921873255952960e+02 1.554843746511905920e+02
1.580234380232141405e+02 1.279453112791670435e+02
1.745468760464282525e+02 1.554843746511905920e+02
1.580234380232141405e+02 1.554843746511905920e+02
1.525156253488094080e+02 1.444687493023811555e+02
1.745468760464282525e+02 1.279453112791670435e+02
1.800546887208329565e+02 1.499765619767858595e+02
1.855625013952376889e+02 1.499765619767858595e+02
1.855625013952376889e+02 1.444687493023811555e+02
1.910703140696423930e+02 1.279453112791670435e+02
1.885624994804966263e+02 1.231875009351060442e+02
1.673124998960993253e+02 1.922499995843973011e+02
1.726249997921986505e+02 1.869374996882979758e+02
1.885624994804966263e+02 1.763124998960993253e+02
1.885624994804966263e+02 1.603750002078013495e+02
1.141875009351060442e+02 2.400624986492912569e+02
1.195000008312053836e+02 2.134999991687946022e+02
1.301250006234040484e+02 1.922499995843973011e+02
1.513750002078013495e+02 1.710000000000000000e+02
1.779374996882979758e+02 1.869374996882979758e+02
1.620000000000000000e+02 1.763124998960993253e+02
1.460625003117020242e+02 1.656875001039006747e+02
1.673124998960993253e+02 1.444375005195033737e+02
1.885624994804966263e+02 1.550625003117020242e+02
1.726249997921986505e+02 1.603750002078013495e+02
1.620000000000000000e+02 1.550625003117020242e+02
1.832499995843973011e+02 1.444375005195033737e+02
1.885624994804966263e+02 1.763124998960993253e+02
1.832499995843973011e+02 1.816249997921986505e+02
1.832499995843973011e+02 1.497500004156026989e+02
1.885624994804966263e+02 1.285000008312053978e+02
1.894374996882979758e+02 1.590625003117020242e+02
1.788124998960993253e+02 1.962499995843973011e+02
1.735000000000000000e+02 1.909374996882979758e+02
1.894374996882979758e+02 1.909374996882979758e+02
1.894374996882979758e+02 1.803124998960993253e+02
1.256875009351060442e+02 2.440624986492912569e+02
1.363125007273047231e+02 2.174999991687946022e+02
1.469375005195033737e+02 1.962499995843973011e+02
1.628750002078013495e+02 1.803124998960993253e+02
1.788124998960993253e+02 1.909374996882979758e+02
1.735000000000000000e+02 1.696875001039006747e+02
1.628750002078013495e+02 1.643750002078013495e+02
1.788124998960993253e+02 1.590625003117020242e+02
2.000624994804966263e+02 1.643750002078013495e+02
1.894374996882979758e+02 1.696875001039006747e+02
1.894374996882979758e+02 1.909374996882979758e+02
1.894374996882979758e+02 1.643750002078013495e+02
2.053749993765959516e+02 1.803124998960993253e+02
2.053749993765959516e+02 1.909374996882979758e+02
2.053749993765959516e+02 1.909374996882979758e+02
2.053749993765959516e+02 1.856249997921986505e+02
2.034374996882979758e+02 1.470625003117020242e+02
1.875000000000000000e+02 1.789374996882979758e+02
1.715625003117020242e+02 1.842499995843973011e+02
1.556250006234040484e+02 1.789374996882979758e+02
2.140624994804966263e+02 1.417500004156026989e+02
1.396875009351060442e+02 2.320624986492912569e+02
1.503125007273047231e+02 2.054999991687946022e+02
1.556250006234040484e+02 1.842499995843973011e+02
1.715625003117020242e+02 1.683124998960993253e+02
1.928124998960993253e+02 1.789374996882979758e+02
1.821875001039006747e+02 1.736249997921986505e+02
1.768750002078013495e+02 1.630000000000000000e+02
1.875000000000000000e+02 1.523750002078013495e+02
2.140624994804966263e+02 1.523750002078013495e+02
2.087499995843973011e+02 1.683124998960993253e+02
2.034374996882979758e+02 1.789374996882979758e+02
2.034374996882979758e+02 1.683124998960993253e+02
2.193749993765959516e+02 1.683124998960993253e+02
2.193749993765959516e+02 1.789374996882979758e+02
2.193749993765959516e+02 1.842499995843973011e+02
2.193749993765959516e+02 1.736249997921986505e+02
2.049765622128952600e+02 1.350546881699110600e+02
1.915000000000000000e+02 1.799765622128952600e+02
1.870078125957015800e+02 1.485312503828063200e+02
1.915000000000000000e+02 1.260703133613141915e+02
2.049765622128952600e+02 1.081015637441205115e+02
1.465781259570157715e+02 2.204062488515810685e+02
1.555625007656126400e+02 1.979453118300889400e+02
1.645468755742094800e+02 1.754843748085968400e+02
1.825156251914031600e+02 1.575156251914031600e+02
2.184531244257905200e+02 1.350546881699110600e+02
2.094687496171936800e+02 1.530234377871047400e+02
2.004843748085968400e+02 1.709921874042984200e+02
1.959921874042984200e+02 1.575156251914031600e+02
2.229453118300889400e+02 1.395468755742094800e+02
2.184531244257905200e+02 1.575156251914031600e+02
2.139609370214921000e+02 1.754843748085968400e+02
2.139609370214921000e+02 1.620078125957015800e+02
2.319296866386858085e+02 1.530234377871047400e+02
2.319296866386858085e+02 1.709921874042984200e+02
2.274374992343873600e+02 1.799765622128952600e+02
2.274374992343873600e+02 1.665000000000000000e+02
2.053828125554427970e+02 1.386562499260762706e+02
2.004218750369618647e+02 1.783437500739237294e+02
1.855390624815190677e+02 1.585000000000000000e+02
2.153046875924046617e+02 1.733828125554427970e+02
2.004218750369618647e+02 1.386562499260762706e+02
1.458515623336716089e+02 2.229921877402521204e+02
1.557734373706334736e+02 1.981875001478474587e+02
1.607343748891144060e+02 1.783437500739237294e+02
1.805781249630381353e+02 1.585000000000000000e+02
2.004218750369618647e+02 1.733828125554427970e+02
1.905000000000000000e+02 1.585000000000000000e+02
1.855390624815190677e+02 1.436171874445572030e+02
1.954609375184809323e+02 1.386562499260762706e+02
2.103437500739237294e+02 1.535390624815190677e+02
2.103437500739237294e+02 1.535390624815190677e+02
1.954609375184809323e+02 1.386562499260762706e+02
2.103437500739237294e+02 1.386562499260762706e+02
2.202656251108855940e+02 1.783437500739237294e+02
2.252265626293665264e+02 1.733828125554427970e+02
2.252265626293665264e+02 1.783437500739237294e+02
2.252265626293665264e+02 1.634609375184809323e+02
2.066562500657746568e+02 1.498437499342253432e+02
1.757578124506690074e+02 1.586718749671126716e+02
1.801718749671126716e+02 1.454296874177816790e+02
1.890000000000000000e+02 1.277734373520070221e+02
2.066562500657746568e+02 1.233593748355633579e+02
1.448593748355633579e+02 2.204687501973239705e+02
1.492734373520070221e+02 1.983984376151056495e+02
1.625156249013380148e+02 1.763281250328873284e+02
1.757578124506690074e+02 1.586718749671126716e+02
2.110703125822183210e+02 1.366015623848943505e+02
2.022421875493309926e+02 1.498437499342253432e+02
1.890000000000000000e+02 1.719140625164436642e+02
1.890000000000000000e+02 1.630859374835563358e+02
2.198984376151056495e+02 1.410156249013380148e+02
2.154843750986619852e+02 1.586718749671126716e+02
2.066562500657746568e+02 1.763281250328873284e+02
2.066562500657746568e+02 1.719140625164436642e+02
2.287265626479929779e+02 1.542578124506690074e+02
2.243125001315493137e+02 1.675000000000000000e+02
2.243125001315493137e+02 1.763281250328873284e+02
2.243125001315493137e+02 1.675000000000000000e+02
2.024999997764825821e+02 1.480000001490116119e+02
2.074999997019767761e+02 1.280000004470348358e+02
1.775000001490116119e+02 1.480000001490116119e+02
1.924999999254941940e+02 1.230000005215406418e+02
2.024999997764825821e+02 1.230000005215406418e+02
1.425000006705522537e+02 2.229999990314245224e+02
1.475000005960464478e+02 1.979999994039535522e+02
1.575000004470348358e+02 1.779999997019767761e+02
1.725000002235174179e+02 1.580000000000000000e+02
2.174999995529651642e+02 1.330000003725290298e+02
2.074999997019767761e+02 1.480000001490116119e+02
1.875000000000000000e+02 1.679999998509883881e+02
1.875000000000000000e+02 1.580000000000000000e+02
2.224999994784593582e+02 1.430000002235174179e+02
2.124999996274709702e+02 1.580000000000000000e+02
2.024999997764825821e+02 1.729999997764825821e+02
2.024999997764825821e+02 1.679999998509883881e+02
2.274999994039535522e+02 1.580000000000000000e+02
2.224999994784593582e+02 1.729999997764825821e+02
2.224999994784593582e+02 1.779999997019767761e+02
2.224999994784593582e+02 1.679999998509883881e+02
1.900156254392859410e+02 1.727187501255102688e+02
1.548593750627551344e+02 8.482812418418323830e+01
1.665781251882654033e+02 1.082656244352037902e+02
1.900156254392859410e+02 1.258437496234691935e+02
2.017343755647962098e+02 1.492812498744897312e+02
9.040624937244865578e+01 1.434218748117345967e+02
1.079843745607140590e+02 1.434218748117345967e+02
1.255624997489794623e+02 1.551406249372448656e+02
1.548593750627551344e+02 1.610000000000000000e+02
7.868749924693837272e+01 1.727187501255102688e+02
9.626562443520379020e+01 1.727187501255102688e+02
1.197031246862243279e+02 1.727187501255102688e+02
1.548593750627551344e+02 1.727187501255102688e+02
9.040624937244865578e+01 2.020156254392859410e+02
1.079843745607140590e+02 1.961562503765308065e+02
1.255624997489794623e+02 1.961562503765308065e+02
1.607187501255102688e+02 1.902968753137756721e+02
1.255624997489794623e+02 2.371718758158167475e+02
1.372812498744897312e+02 2.254531256903064786e+02
1.548593750627551344e+02 2.195937506275513442e+02
1.724375002510205377e+02 2.020156254392859410e+02
2.018828125554427970e+02 1.485781249630381353e+02
1.671562499260762706e+02 1.684218750369618647e+02
1.870000000000000000e+02 1.386562499260762706e+02
1.919609375184809323e+02 1.237734373706334736e+02
1.969218750369618647e+02 1.336953124075953383e+02
1.373906248151906766e+02 2.229921877402521204e+02
1.473124998521525413e+02 1.981875001478474587e+02
1.572343748891144060e+02 1.783437500739237294e+02
1.721171874445572030e+02 1.585000000000000000e+02
2.167656251108855940e+02 1.336953124075953383e+02
2.018828125554427970e+02 1.485781249630381353e+02
1.870000000000000000e+02 1.684218750369618647e+02
1.870000000000000000e+02 1.585000000000000000e+02
2.217265626293665264e+02 1.436171874445572030e+02
2.118046875924046617e+02 1.585000000000000000e+02
2.018828125554427970e+02 1.733828125554427970e+02
2.018828125554427970e+02 1.684218750369618647e+02
2.266875001478474587e+02 1.535390624815190677e+02
2.217265626293665264e+02 1.684218750369618647e+02
2.217265626293665264e+02 1.783437500739237294e+02
2.217265626293665264e+02 1.634609375184809323e+02
1.987812498446401150e+02 1.432187501553598850e+02
1.713593750776799425e+02 1.706406249223200575e+02
1.896406249223200575e+02 1.386484376941998562e+02
1.896406249223200575e+02 1.249375003107197699e+02
2.079218747669601726e+02 1.340781252330398274e+02
1.347968753883997124e+02 2.209140619950803739e+02
1.439375003107197699e+02 1.980624996892802301e+02
1.576484376941998562e+02 1.706406249223200575e+02
1.850703124611600288e+02 1.432187501553598850e+02
2.079218747669601726e+02 1.340781252330398274e+02
1.987812498446401150e+02 1.432187501553598850e+02
1.850703124611600288e+02 1.706406249223200575e+02
1.850703124611600288e+02 1.569296875388399712e+02
2.170624996892802301e+02 1.386484376941998562e+02
2.079218747669601726e+02 1.569296875388399712e+02
2.033515623058001438e+02 1.752109373834800863e+02
2.033515623058001438e+02 1.706406249223200575e+02
2.262031246116002876e+02 1.523593750776799425e+02
2.216328121504402588e+02 1.660703124611600288e+02
2.216328121504402588e+02 1.752109373834800863e+02
2.170624996892802301e+02 1.660703124611600288e+02
1.903125017045386471e+02 1.722031254261346760e+02
1.528515627130673238e+02 9.728124744319201511e+01
1.689062508522693236e+02 1.133359355823940007e+02
1.903125017045386471e+02 1.293906237215960005e+02
2.063671898437406469e+02 1.507968745738653240e+02
8.863281015625935311e+01 1.400937491477306764e+02
1.100390610085286767e+02 1.454453118607980002e+02
1.260937491477306764e+02 1.507968745738653240e+02
1.528515627130673238e+02 1.561484372869326762e+02
8.328124744319201511e+01 1.722031254261346760e+02
9.933593558239400068e+01 1.775546881392019998e+02
1.207421864346633384e+02 1.775546881392019998e+02
1.528515627130673238e+02 1.775546881392019998e+02
9.398437286932667689e+01 2.043125017045386471e+02
1.100390610085286767e+02 1.989609389914713233e+02
1.314453118607980002e+02 1.936093762784039995e+02
1.635546881392019998e+02 1.882578135653366758e+02
1.367968745738653240e+02 2.310703152698753229e+02
1.475000000000000000e+02 2.203671898437406469e+02
1.582031254261346760e+02 2.150156271306733231e+02
1.796093762784039995e+02 2.043125017045386471e+02
1.870624995984035195e+02 1.728906248996008799e+02
1.506953124498004399e+02 1.001562506023947208e+02
1.714765622490021997e+02 1.157421879517960406e+02
1.922578120482039594e+02 1.261328128513969205e+02
2.026484369478048393e+02 1.469140626505986802e+02
9.354687550199560064e+01 1.417187502007982403e+02
1.091328128513969205e+02 1.417187502007982403e+02
1.247187502007982403e+02 1.469140626505986802e+02
1.558906248996008799e+02 1.573046875501995601e+02
7.796093815259428084e+01 1.728906248996008799e+02
9.874218795179604058e+01 1.728906248996008799e+02
1.195234377509978003e+02 1.780859373494013198e+02
1.558906248996008799e+02 1.728906248996008799e+02
9.354687550199560064e+01 2.040624995984035195e+02
1.091328128513969205e+02 1.988671871486030795e+02
1.299140626505986802e+02 1.936718746988026396e+02
1.610859373494013198e+02 1.884765622490021997e+02
1.351093751003991201e+02 2.300390618474057192e+02
1.455000000000000000e+02 2.196484369478048393e+02
1.558906248996008799e+02 2.144531244980043994e+02
1.818671871486030795e+02 1.988671871486030795e+02
