1.532968745483267412e+02 1.876328124247211235e+02
1.169687503011155059e+02 1.840000000000000000e+02
1.351328124247211235e+02 1.622031254516732588e+02
1.532968745483267412e+02 1.585703130269521353e+02
1.678281242472112353e+02 1.694687503011155059e+02
1.097031254516732446e+02 1.767343751505577529e+02
9.880468817750987398e+01 1.731015627258366294e+02
9.880468817750987398e+01 1.694687503011155059e+02
1.206015627258366294e+02 1.694687503011155059e+02
1.169687503011155059e+02 1.876328124247211235e+02
1.024375006022309975e+02 1.876328124247211235e+02
9.153906332806762691e+01 1.840000000000000000e+02
1.169687503011155059e+02 1.840000000000000000e+02
1.242343751505577529e+02 1.985312496988844941e+02
1.097031254516732446e+02 1.985312496988844941e+02
1.024375006022309975e+02 2.021640621236056177e+02
1.278671875752788765e+02 2.021640621236056177e+02
1.206015627258366294e+02 2.130624993977689883e+02
1.133359378763943823e+02 2.166953118224901118e+02
1.169687503011155059e+02 2.166953118224901118e+02
1.387656248494422471e+02 2.130624993977689883e+02
1.502265626293665264e+02 1.840000000000000000e+02
1.155000000000000000e+02 1.740781249630381353e+02
1.254218750369618647e+02 1.591953124075953383e+02
1.452656251108855940e+02 1.542343748891144060e+02
1.651093751848093234e+02 1.641562499260762706e+02
5.596874977822881192e+01 1.591953124075953383e+02
7.581249985215254128e+01 1.641562499260762706e+02
9.565624992607627064e+01 1.691171874445572030e+02
1.204609375184809323e+02 1.691171874445572030e+02
1.204609375184809323e+02 1.840000000000000000e+02
1.006171874445572030e+02 1.840000000000000000e+02
9.565624992607627064e+01 1.840000000000000000e+02
1.204609375184809323e+02 1.840000000000000000e+02
1.254218750369618647e+02 1.939218750369618647e+02
1.105390624815190677e+02 1.988828125554427970e+02
1.055781249630381353e+02 2.038437500739237294e+02
1.254218750369618647e+02 1.988828125554427970e+02
1.254218750369618647e+02 2.088046875924046617e+02
1.155000000000000000e+02 2.137656251108855940e+02
1.204609375184809323e+02 2.187265626293665264e+02
1.403046875924046617e+02 2.088046875924046617e+02
1.512265626293665264e+02 1.850000000000000000e+02
1.165000000000000000e+02 1.701171874445572030e+02
1.264218750369618647e+02 1.552343748891144060e+02
1.462656251108855940e+02 1.552343748891144060e+02
1.611484376663283911e+02 1.651562499260762706e+02
5.696874977822881192e+01 1.651562499260762706e+02
7.185156233367160894e+01 1.651562499260762706e+02
9.169531240759533830e+01 1.701171874445572030e+02
1.214609375184809323e+02 1.701171874445572030e+02
1.065781249630381353e+02 1.850000000000000000e+02
9.169531240759533830e+01 1.850000000000000000e+02
9.169531240759533830e+01 1.850000000000000000e+02
1.165000000000000000e+02 1.899609375184809323e+02
1.214609375184809323e+02 1.949218750369618647e+02
1.115390624815190677e+02 1.998828125554427970e+02
1.016171874445572030e+02 2.048437500739237294e+02
1.264218750369618647e+02 1.998828125554427970e+02
1.264218750369618647e+02 2.098046875924046617e+02
1.165000000000000000e+02 2.147656251108855940e+02
1.214609375184809323e+02 2.147656251108855940e+02
1.413046875924046617e+02 2.147656251108855940e+02
1.504531245267171471e+02 1.840000000000000000e+02
1.160000000000000000e+02 1.790781250676118361e+02
1.307656247971644916e+02 1.643125002704473445e+02
1.455312495943289832e+02 1.544687504056710168e+02
1.652187493238816387e+02 1.593906253380591806e+02
5.693750081134201935e+01 1.643125002704473445e+02
7.170312560850652517e+01 1.643125002704473445e+02
9.139062533805918065e+01 1.692343752028355084e+02
1.209218749323881639e+02 1.741562501352236723e+02
6.678125067611836130e+01 1.938437498647763277e+02
7.662500054089468904e+01 1.889218749323881639e+02
9.139062533805918065e+01 1.889218749323881639e+02
1.160000000000000000e+02 1.889218749323881639e+02
1.258437498647763277e+02 1.938437498647763277e+02
1.110781250676118361e+02 1.987656247971644916e+02
1.061562501352236723e+02 2.036874997295526555e+02
1.258437498647763277e+02 2.036874997295526555e+02
1.307656247971644916e+02 2.086093746619408194e+02
1.160000000000000000e+02 2.135312495943289832e+02
1.209218749323881639e+02 2.135312495943289832e+02
1.406093746619408194e+02 2.135312495943289832e+02
1.484140625730551619e+02 1.850000000000000000e+02
1.167734375104364517e+02 1.850000000000000000e+02
1.273203125313093551e+02 1.639062499582541932e+02
1.484140625730551619e+02 1.586328124478177415e+02
1.589609375939280653e+02 1.639062499582541932e+02
5.876562489563548297e+01 1.639062499582541932e+02
7.458593742694483808e+01 1.639062499582541932e+02
9.040624995825419319e+01 1.691796874686906449e+02
1.167734375104364517e+02 1.744531249791270966e+02
4.821874987476257957e+01 2.008203125313093551e+02
6.403906240607193467e+01 1.955468750208729034e+02
8.513281244781774149e+01 1.955468750208729034e+02
1.167734375104364517e+02 1.902734375104364517e+02
1.273203125313093551e+02 1.955468750208729034e+02
1.167734375104364517e+02 2.008203125313093551e+02
1.062265624895635483e+02 2.060937500417458068e+02
1.273203125313093551e+02 2.060937500417458068e+02
1.325937500417458068e+02 2.060937500417458068e+02
1.220468750208729034e+02 2.113671875521822585e+02
1.220468750208729034e+02 2.166406250626187102e+02
1.431406250626187102e+02 2.113671875521822585e+02
1.478671871486030795e+02 1.855000000000000000e+02
1.218906248996008799e+02 1.855000000000000000e+02
1.322812497992017597e+02 1.647187502007982403e+02
1.478671871486030795e+02 1.595234377509978003e+02
1.634531244980043994e+02 1.595234377509978003e+02
5.954687550199559354e+01 1.647187502007982403e+02
7.513281285139692045e+01 1.647187502007982403e+02
9.071875020079824026e+01 1.699140626505986802e+02
1.218906248996008799e+02 1.751093751003991201e+02
4.915625060239471367e+01 2.114765622490021997e+02
6.993750040159648051e+01 2.010859373494013198e+02
9.071875020079824026e+01 1.958906248996008799e+02
1.218906248996008799e+02 1.906953124498004399e+02
1.322812497992017597e+02 1.958906248996008799e+02
1.166953124498004399e+02 2.010859373494013198e+02
1.063046875501995601e+02 2.114765622490021997e+02
1.270859373494013198e+02 2.062812497992017597e+02
1.374765622490021997e+02 2.010859373494013198e+02
1.270859373494013198e+02 2.114765622490021997e+02
1.270859373494013198e+02 2.166718746988026396e+02
1.478671871486030795e+02 2.114765622490021997e+02
1.477734376314037945e+02 1.850000000000000000e+02
1.175390625187719706e+02 1.799609374812280294e+02
1.326562500750878826e+02 1.648437499249121174e+02
1.477734376314037945e+02 1.547656248873681761e+02
1.628906251877197064e+02 1.598046874061401468e+02
5.707031229350832291e+01 1.648437499249121174e+02
7.722656236859620549e+01 1.648437499249121174e+02
9.234374992491211742e+01 1.698828124436840881e+02
1.225781250375439413e+02 1.749218749624560587e+02
5.203124977473635226e+01 2.152343751126318239e+02
7.218749984982423484e+01 2.051562500750878826e+02
9.234374992491211742e+01 2.001171875563159119e+02
1.225781250375439413e+02 1.900390625187719706e+02
1.276171875563159119e+02 1.950781250375439413e+02
1.175390625187719706e+02 2.001171875563159119e+02
1.074609374812280294e+02 2.101953125938598532e+02
1.276171875563159119e+02 2.051562500750878826e+02
1.326562500750878826e+02 2.001171875563159119e+02
1.276171875563159119e+02 2.101953125938598532e+02
1.276171875563159119e+02 2.152343751126318239e+02
1.477734376314037945e+02 2.101953125938598532e+02
1.536249999621650204e+02 1.860000000000000000e+02
1.231562499905412551e+02 1.860000000000000000e+02
1.333124999810825102e+02 1.656875000189174898e+02
1.485468749668943929e+02 1.555312500283762347e+02
1.637812499527062755e+02 1.606093750236468622e+02
6.221875004729372449e+01 1.656875000189174898e+02
7.745312503310560714e+01 1.656875000189174898e+02
9.268750001891748980e+01 1.707656250141881173e+02
1.231562499905412551e+02 1.758437500094587449e+02
5.206250005675246939e+01 2.113906249763531378e+02
7.237500003783497959e+01 2.063124999810825102e+02
9.268750001891748980e+01 1.961562499905412551e+02
1.231562499905412551e+02 1.910781249952706276e+02
1.333124999810825102e+02 1.961562499905412551e+02
1.180781249952706276e+02 2.012343749858118827e+02
1.079218750047293724e+02 2.113906249763531378e+02
1.282343749858118827e+02 2.063124999810825102e+02
1.383906249763531378e+02 2.012343749858118827e+02
1.282343749858118827e+02 2.113906249763531378e+02
1.282343749858118827e+02 2.164687499716237653e+02
1.485468749668943929e+02 2.113906249763531378e+02
1.490937511429074505e+02 1.886562501632724889e+02
1.181562501632724889e+02 1.783437498367275111e+02
1.336250006530899839e+02 1.628749993469100161e+02
1.490937511429074505e+02 1.577187491836375273e+02
1.594062514694524566e+02 1.628749993469100161e+02
5.628124820400256567e+01 1.628749993469100161e+02
7.690624885709254954e+01 1.680312495101825050e+02
9.237499934691001613e+01 1.680312495101825050e+02
1.181562501632724889e+02 1.731874996734550223e+02
5.112499804073006970e+01 2.092812508163624727e+02
7.174999869382004647e+01 2.041250006530899839e+02
9.237499934691001613e+01 1.938125003265449777e+02
1.181562501632724889e+02 1.886562501632724889e+02
1.336250006530899839e+02 1.886562501632724889e+02
1.233125003265449919e+02 1.989687504898174950e+02
1.130000000000000000e+02 2.092812508163624727e+02
1.284687504898174950e+02 2.041250006530899839e+02
1.387812508163624727e+02 1.938125003265449777e+02
1.336250006530899839e+02 2.092812508163624727e+02
1.284687504898174950e+02 2.144375009796349616e+02
1.439375009796349616e+02 2.092812508163624727e+02
1.493203123832390702e+02 1.881171874833198672e+02
1.186171874833198672e+02 1.778828125166801328e+02
1.288515624499596015e+02 1.625312500667205313e+02
1.493203123832390702e+02 1.574140625834006642e+02
1.595546873498788045e+02 1.625312500667205313e+02
5.721093768348146114e+01 1.625312500667205313e+02
7.256250013344106264e+01 1.676484375500403985e+02
9.303125006672053132e+01 1.727656250333602657e+02
1.186171874833198672e+02 1.727656250333602657e+02
5.209375020016159397e+01 2.085859374165993358e+02
7.256250013344106264e+01 2.034687499332794687e+02
8.791406258340066415e+01 1.983515624499596015e+02
1.186171874833198672e+02 1.881171874833198672e+02
9.303125006672053132e+01 2.137031248999192030e+02
9.814843755004039849e+01 2.034687499332794687e+02
1.135000000000000000e+02 2.034687499332794687e+02
1.288515624499596015e+02 2.034687499332794687e+02
1.390859374165993358e+02 1.932343749666397343e+02
1.339687499332794687e+02 2.085859374165993358e+02
1.339687499332794687e+02 2.137031248999192030e+02
1.442031248999192030e+02 2.085859374165993358e+02
1.487734376314037945e+02 1.854609374812280294e+02
1.235781250375439413e+02 1.854609374812280294e+02
1.336562500750878826e+02 1.703437499249121174e+02
1.538125001501757652e+02 1.602656248873681761e+02
1.689296877064916771e+02 1.602656248873681761e+02
5.807031229350832291e+01 1.653046874061401468e+02
7.318749984982423484e+01 1.653046874061401468e+02
9.334374992491211742e+01 1.703437499249121174e+02
1.235781250375439413e+02 1.703437499249121174e+02
5.303124977473635226e+01 2.005781250375439413e+02
7.318749984982423484e+01 2.005781250375439413e+02
9.334374992491211742e+01 1.955390625187719706e+02
1.235781250375439413e+02 1.854609374812280294e+02
7.318749984982423484e+01 2.308125001501757652e+02
9.334374992491211742e+01 2.207343751126318239e+02
1.135000000000000000e+02 2.005781250375439413e+02
1.286171875563159119e+02 2.005781250375439413e+02
1.386953125938598532e+02 1.955390625187719706e+02
1.336562500750878826e+02 2.056171875563159119e+02
1.336562500750878826e+02 2.106562500750878826e+02
1.487734376314037945e+02 2.106562500750878826e+02
1.532968745483267412e+02 1.876328124247211235e+02
1.169687503011155059e+02 1.803671875752788765e+02
1.351328124247211235e+02 1.622031254516732588e+02
1.569296869730478647e+02 1.585703130269521353e+02
1.678281242472112353e+02 1.694687503011155059e+02
1.097031254516732446e+02 1.767343751505577529e+02
9.880468817750987398e+01 1.731015627258366294e+02
9.880468817750987398e+01 1.694687503011155059e+02
1.242343751505577529e+02 1.658359378763943823e+02
1.169687503011155059e+02 1.876328124247211235e+02
1.024375006022309975e+02 1.876328124247211235e+02
9.153906332806762691e+01 1.840000000000000000e+02
1.206015627258366294e+02 1.840000000000000000e+02
1.242343751505577529e+02 1.985312496988844941e+02
1.097031254516732446e+02 1.985312496988844941e+02
1.024375006022309975e+02 2.021640621236056177e+02
1.278671875752788765e+02 2.021640621236056177e+02
1.242343751505577529e+02 2.094296869730478647e+02
1.133359378763943823e+02 2.166953118224901118e+02
1.169687503011155059e+02 2.166953118224901118e+02
1.387656248494422471e+02 2.130624993977689883e+02
1.477578115571314186e+02 1.930000000000000000e+02
1.356874993142773747e+02 1.809296877571459845e+02
1.397109367285620465e+02 1.688593755142919690e+02
1.517812489714160904e+02 1.608125006857226253e+02
1.477578115571314186e+02 1.769062503428613127e+02
5.521875102858391671e+01 1.648359381000072972e+02
7.533593810000728297e+01 1.648359381000072972e+02
9.545312517143065634e+01 1.688593755142919690e+02
1.195937496571386873e+02 1.728828129285766408e+02
5.521875102858391671e+01 2.010468748285693437e+02
7.131250068572261114e+01 1.970234374142846718e+02
9.142968775714598451e+01 1.930000000000000000e+02
1.195937496571386873e+02 1.889765625857153282e+02
7.533593810000728297e+01 2.332343741428467467e+02
9.142968775714598451e+01 2.251874993142773747e+02
1.195937496571386873e+02 1.970234374142846718e+02
1.276406244857080452e+02 2.010468748285693437e+02
1.397109367285620465e+02 1.889765625857153282e+02
1.356874993142773747e+02 2.050703122428540155e+02
1.316640618999927028e+02 2.090937496571386873e+02
1.397109367285620465e+02 2.131171870714233592e+02
1.453906249763531378e+02 1.899218750047293724e+02
1.301562499905412551e+02 1.899218750047293724e+02
1.403124999810825102e+02 1.696093750236468622e+02
1.555468749668943929e+02 1.594531250331056071e+02
1.657031249574356480e+02 1.645312500283762347e+02
5.906250005675246939e+01 1.645312500283762347e+02
7.429687504256435204e+01 1.696093750236468622e+02
9.460937502364686225e+01 1.696093750236468622e+02
1.200000000000000000e+02 1.746875000189174898e+02
5.906250005675246939e+01 2.000781249952706276e+02
7.937500003783497959e+01 2.000781249952706276e+02
9.460937502364686225e+01 1.950000000000000000e+02
1.250781249952706276e+02 1.848437500094587449e+02
7.429687504256435204e+01 2.407031249574356480e+02
9.460937502364686225e+01 2.254687499716237653e+02
1.149218750047293724e+02 2.051562499905412551e+02
1.352343749858118827e+02 2.000781249952706276e+02
1.403124999810825102e+02 1.950000000000000000e+02
1.352343749858118827e+02 2.051562499905412551e+02
1.352343749858118827e+02 2.102343749858118827e+02
1.504687499716237653e+02 2.102343749858118827e+02
1.449999996274709702e+02 1.905000000745058060e+02
1.299999998509883881e+02 1.905000000745058060e+02
1.399999997019767761e+02 1.705000003725290298e+02
1.549999994784593582e+02 1.605000005215406418e+02
1.699999992549419403e+02 1.605000005215406418e+02
6.000000089406965742e+01 1.655000004470348358e+02
7.500000067055225372e+01 1.655000004470348358e+02
9.500000037252902985e+01 1.705000003725290298e+02
1.200000000000000000e+02 1.705000003725290298e+02
6.000000089406965742e+01 2.004999999254941940e+02
8.000000059604644775e+01 2.004999999254941940e+02
9.500000037252902985e+01 1.955000000000000000e+02
1.249999999254941940e+02 1.855000001490116119e+02
7.500000067055225372e+01 2.354999994039535522e+02
9.500000037252902985e+01 2.254999995529651642e+02
1.150000000745058060e+02 2.054999998509883881e+02
1.299999998509883881e+02 1.955000000000000000e+02
1.399999997019767761e+02 1.905000000745058060e+02
1.399999997019767761e+02 2.054999998509883881e+02
1.349999997764825821e+02 2.104999997764825821e+02
1.499999995529651642e+02 2.054999998509883881e+02
1.446953125938598532e+02 1.920000000000000000e+02
1.295781250375439413e+02 1.970390625187719706e+02
1.396562500750878826e+02 1.718437499249121174e+02
1.547734376314037945e+02 1.617656248873681761e+02
1.698906251877197064e+02 1.617656248873681761e+02
5.903124977473635226e+01 1.668046874061401468e+02
7.414843733105226420e+01 1.668046874061401468e+02
9.430468740614014678e+01 1.718437499249121174e+02
1.195000000000000000e+02 1.718437499249121174e+02
5.903124977473635226e+01 2.020781250375439413e+02
7.414843733105226420e+01 1.970390625187719706e+02
9.430468740614014678e+01 1.920000000000000000e+02
1.195000000000000000e+02 1.869609374812280294e+02
6.910937481228029355e+01 2.323125001501757652e+02
8.926562488736817613e+01 2.222343751126318239e+02
1.094218749624560587e+02 2.071171875563159119e+02
1.295781250375439413e+02 1.970390625187719706e+02
1.396562500750878826e+02 1.920000000000000000e+02
1.346171875563159119e+02 2.071171875563159119e+02
1.346171875563159119e+02 2.121562500750878826e+02
1.446953125938598532e+02 2.071171875563159119e+02
1.558671871486030795e+02 1.823046875501995601e+02
1.195000000000000000e+02 1.823046875501995601e+02
1.350859373494013198e+02 1.667187502007982403e+02
1.506718746988026396e+02 1.563281253011973604e+02
1.662578120482039594e+02 1.563281253011973604e+02
5.715625060239471367e+01 1.719140626505986802e+02
7.274218795179604058e+01 1.719140626505986802e+02
9.352343775099780032e+01 1.719140626505986802e+02
1.195000000000000000e+02 1.719140626505986802e+02
5.715625060239471367e+01 2.030859373494013198e+02
7.274218795179604058e+01 1.978906248996008799e+02
9.352343775099780032e+01 1.978906248996008799e+02
1.246953124498004399e+02 1.926953124498004399e+02
6.754687550199560064e+01 2.290624995984035195e+02
8.832812530119736039e+01 2.238671871486030795e+02
1.091093751003991201e+02 2.134765622490021997e+02
1.350859373494013198e+02 2.030859373494013198e+02
1.402812497992017597e+02 2.030859373494013198e+02
1.350859373494013198e+02 2.134765622490021997e+02
1.350859373494013198e+02 2.134765622490021997e+02
1.558671871486030795e+02 2.134765622490021997e+02
1.521875001478474587e+02 1.811953124075953383e+02
1.075390624815190677e+02 1.811953124075953383e+02
1.273828125554427970e+02 1.712734373706334736e+02
1.422656251108855940e+02 1.563906248151906766e+02
1.571484376663283911e+02 1.613515623336716089e+02
5.296874977822881192e+01 1.712734373706334736e+02
7.281249985215254128e+01 1.712734373706334736e+02
9.265624992607627064e+01 1.712734373706334736e+02
1.174609375184809323e+02 1.762343748891144060e+02
5.296874977822881192e+01 2.010390624815190677e+02
7.281249985215254128e+01 2.010390624815190677e+02
9.265624992607627064e+01 1.960781249630381353e+02
1.273828125554427970e+02 1.911171874445572030e+02
6.785156233367160894e+01 2.308046875924046617e+02
8.769531240759533830e+01 2.258437500739237294e+02
1.075390624815190677e+02 2.159218750369618647e+02
1.373046875924046617e+02 2.010390624815190677e+02
1.125000000000000000e+02 2.605703127032902557e+02
1.224218750369618647e+02 2.456875001478474587e+02
1.323437500739237294e+02 2.357656251108855940e+02
1.521875001478474587e+02 2.159218750369618647e+02
1.547421884917085038e+02 1.786718743388610164e+02
1.115000000000000000e+02 1.786718743388610164e+02
1.259140628305694918e+02 1.738671867286711858e+02
1.403281256611389836e+02 1.594531238981016656e+02
1.547421884917085038e+02 1.594531238981016656e+02
5.384374867772200446e+01 1.690624991184813268e+02
7.306249911848132683e+01 1.690624991184813268e+02
9.228124955924066342e+01 1.738671867286711858e+02
1.211093752203796612e+02 1.738671867286711858e+02
5.384374867772200446e+01 2.026953123898101694e+02
7.306249911848132683e+01 1.978906247796203388e+02
9.228124955924066342e+01 1.930859371694305082e+02
1.259140628305694918e+02 1.882812495592406776e+02
6.825781150829149624e+01 2.315234380509491530e+02
8.747656194905083282e+01 2.267187504407593224e+02
1.066953123898101694e+02 2.123046876101898306e+02
1.403281256611389836e+02 2.026953123898101694e+02
1.163046876101898306e+02 2.651562513222779671e+02
1.259140628305694918e+02 2.459375008815186732e+02
1.307187504407593224e+02 2.363281256611389836e+02
1.547421884917085038e+02 2.123046876101898306e+02
1.577734370727603164e+02 1.861484376941998562e+02
1.166406249223200575e+02 1.815781252330398274e+02
1.303515623058001438e+02 1.770078127718797987e+02
1.440624996892802301e+02 1.632968753883997124e+02
1.623437495339203451e+02 1.632968753883997124e+02
5.265625046607964777e+01 1.724375003107197699e+02
7.093750031071976991e+01 1.724375003107197699e+02
9.378906261651991372e+01 1.770078127718797987e+02
1.212109373834800863e+02 1.770078127718797987e+02
5.265625046607964777e+01 2.044296875388399712e+02
7.093750031071976991e+01 1.998593750776799425e+02
9.378906261651991372e+01 1.952890626165199137e+02
1.257812498446401150e+02 1.907187501553598850e+02
7.093750031071976991e+01 2.364218747669601726e+02
8.921875015535988496e+01 2.272812498446401150e+02
1.075000000000000000e+02 2.181406249223200575e+02
1.394921872281202013e+02 2.044296875388399712e+02
1.166406249223200575e+02 2.638437495339203451e+02
1.257812498446401150e+02 2.455624996892802301e+02
1.349218747669601726e+02 2.364218747669601726e+02
1.532031246116002876e+02 2.135703124611600288e+02
1.586328120059306457e+02 1.847578127245769792e+02
1.167968749101692083e+02 1.801093752694923751e+02
1.260937498203384166e+02 1.754609378144077709e+02
1.446874996406768332e+02 1.615156254491539585e+02
1.632812494610152498e+02 1.661640629042385626e+02
5.171875053898474306e+01 1.708125003593231668e+02
7.031250035932316678e+01 1.708125003593231668e+02
9.355468763474618754e+01 1.754609378144077709e+02
1.214453123652538125e+02 1.754609378144077709e+02
5.171875053898474306e+01 2.033515625449153958e+02
7.031250035932316678e+01 2.033515625449153958e+02
9.355468763474618754e+01 1.940546876347461875e+02
1.260937498203384166e+02 1.894062501796615834e+02
7.031250035932316678e+01 2.358906247305076249e+02
8.890625017966158339e+01 2.312421872754230208e+02
1.075000000000000000e+02 2.172968749101692083e+02
1.400390621855922291e+02 2.033515625449153958e+02
1.121484374550846042e+02 2.637812494610152498e+02
1.260937498203384166e+02 2.451874996406768332e+02
1.353906247305076249e+02 2.358906247305076249e+02
1.539843745508460415e+02 2.126484374550846042e+02
1.524374998665589374e+02 1.770312500667205313e+02
1.166171874833198672e+02 1.616796876167609298e+02
1.268515624499596015e+02 1.565625001334410626e+02
1.473203123832390702e+02 1.463281251668013283e+02
1.626718748331986717e+02 1.514453126501211955e+02
5.009375020016159397e+01 1.719140625834006642e+02
7.056250013344106264e+01 1.719140625834006642e+02
9.103125006672053132e+01 1.719140625834006642e+02
1.166171874833198672e+02 1.770312500667205313e+02
5.009375020016159397e+01 2.026171874833198672e+02
7.056250013344106264e+01 2.026171874833198672e+02
9.103125006672053132e+01 1.975000000000000000e+02
1.268515624499596015e+02 1.923828125166801328e+02
6.544531265012119547e+01 2.282031248999192030e+02
8.079687510008079698e+01 2.230859374165993358e+02
1.012656250333602657e+02 2.128515624499596015e+02
1.319687499332794687e+02 2.026171874833198672e+02
1.063828125166801328e+02 2.589062497998384060e+02
1.217343749666397343e+02 2.435546873498788045e+02
1.268515624499596015e+02 2.333203123832390702e+02
1.524374998665589374e+02 2.128515624499596015e+02
1.506640621236056177e+02 1.891328124247211235e+02
1.143359378763943823e+02 1.818671875752788765e+02
1.325000000000000000e+02 1.600703130269521353e+02
1.542968745483267412e+02 1.600703130269521353e+02
1.651953118224901118e+02 1.709687503011155059e+02
1.107031254516732446e+02 1.746015627258366294e+02
9.980468817750987398e+01 1.709687503011155059e+02
9.980468817750987398e+01 1.673359378763943823e+02
1.216015627258366294e+02 1.673359378763943823e+02
1.143359378763943823e+02 1.891328124247211235e+02
9.980468817750987398e+01 1.855000000000000000e+02
9.253906332806762691e+01 1.855000000000000000e+02
1.179687503011155059e+02 1.818671875752788765e+02
1.252343751505577529e+02 1.963984372741633706e+02
1.107031254516732446e+02 2.000312496988844941e+02
1.034375006022309975e+02 2.000312496988844941e+02
1.288671875752788765e+02 2.036640621236056177e+02
1.252343751505577529e+02 2.109296869730478647e+02
1.143359378763943823e+02 2.181953118224901118e+02
1.179687503011155059e+02 2.181953118224901118e+02
1.397656248494422471e+02 2.109296869730478647e+02
1.542187493238816387e+02 1.791562501352236723e+02
1.197656247971644916e+02 1.348593757437301974e+02
1.345312495943289832e+02 1.299375008113420336e+02
1.542187493238816387e+02 1.348593757437301974e+02
1.689843741210461303e+02 1.545468754732828529e+02
5.578125067611835419e+01 1.594687504056710168e+02
7.546875040567101678e+01 1.594687504056710168e+02
9.515625013522367226e+01 1.643906253380591806e+02
1.246874997295526555e+02 1.693125002704473445e+02
5.085937574373019032e+01 1.939218749323881639e+02
7.054687547328285291e+01 1.890000000000000000e+02
9.023437520283550839e+01 1.890000000000000000e+02
1.246874997295526555e+02 1.840781250676118361e+02
6.562500054089468904e+01 2.185312495943289832e+02
8.039062533805918065e+01 2.136093746619408194e+02
1.000781250676118361e+02 2.086874997295526555e+02
1.345312495943289832e+02 1.988437498647763277e+02
1.050000000000000000e+02 2.529843741210461303e+02
1.197656247971644916e+02 2.382187493238816387e+02
1.296093746619408194e+02 2.283749994591053110e+02
1.492968743914934748e+02 2.086874997295526555e+02
1.561171871953647496e+02 1.829453124564806785e+02
1.238906249129613570e+02 9.915625052223185776e+01
1.367812498259227141e+02 1.184921878916738933e+02
1.561171871953647496e+02 1.378281252611159289e+02
1.690078121083261067e+02 1.636093750870386430e+02
5.299218789167389332e+01 1.571640626305579644e+02
7.232812526111592888e+01 1.636093750870386430e+02
9.810937508703864296e+01 1.700546875435193215e+02
1.238906249129613570e+02 1.700546875435193215e+02
4.654687543519321480e+01 1.958359373694420356e+02
7.232812526111592888e+01 1.958359373694420356e+02
9.166406263055796444e+01 1.893906249129613570e+02
1.238906249129613570e+02 1.893906249129613570e+02
6.588281280463525036e+01 2.216171871953647496e+02
8.521875017407728592e+01 2.216171871953647496e+02
1.045546875435193215e+02 2.087265622824033926e+02
1.367812498259227141e+02 2.022812498259227141e+02
1.110000000000000000e+02 2.602890619342488208e+02
1.238906249129613570e+02 2.409531245648067852e+02
1.303359373694420356e+02 2.345078121083261067e+02
1.561171871953647496e+02 2.151718747388840711e+02
1.537812501519219950e+02 1.847968750253203325e+02
1.333906250759609975e+02 8.964062467083567753e+01
1.401875001012813300e+02 1.168281247721170075e+02
1.537812501519219950e+02 1.372187498480780050e+02
1.673750002025626600e+02 1.576093749240390025e+02
5.182812477211700752e+01 1.576093749240390025e+02
7.221874984807800502e+01 1.644062499493593350e+02
9.260937492403900251e+01 1.712031249746796675e+02
1.197968750253203325e+02 1.712031249746796675e+02
4.503124974679667503e+01 1.983906250759609975e+02
7.221874984807800502e+01 1.983906250759609975e+02
9.260937492403900251e+01 1.915937500506406650e+02
1.265937500506406650e+02 1.915937500506406650e+02
6.542187482275767252e+01 2.323750002025626600e+02
8.581249989871867001e+01 2.255781251772423275e+02
1.062031249746796675e+02 2.119843751266016625e+02
1.333906250759609975e+02 2.051875001012813300e+02
1.130000000000000000e+02 2.663593753291643225e+02
1.265937500506406650e+02 2.459687502532033250e+02
1.333906250759609975e+02 2.391718752278829925e+02
1.537812501519219950e+02 2.119843751266016625e+02
1.537500013061799677e+02 1.868750002176966518e+02
1.331250006530899839e+02 9.062499716994344112e+01
1.400000008707866357e+02 1.181249980407300768e+02
1.537500013061799677e+02 1.387499986938200323e+02
1.675000017415732714e+02 1.593749993469100161e+02
5.749999825842672863e+01 1.662499995646066964e+02
7.124999869382004647e+01 1.662499995646066964e+02
9.187499934691001613e+01 1.731249997823033482e+02
1.193750002176966518e+02 1.731249997823033482e+02
5.062499804073006970e+01 2.075000008707866357e+02
7.124999869382004647e+01 2.006250006530899839e+02
9.187499934691001613e+01 2.006250006530899839e+02
1.262500004353933178e+02 1.937500004353933036e+02
7.124999869382004647e+01 2.418750019592699232e+02
9.187499934691001613e+01 2.281250015238766196e+02
1.125000000000000000e+02 2.143750010884832875e+02
1.400000008707866357e+02 2.075000008707866357e+02
1.193750002176966518e+02 2.693750028300565873e+02
1.331250006530899839e+02 2.487500021769665750e+02
1.400000008707866357e+02 2.350000017415732714e+02
1.606250015238766196e+02 2.143750010884832875e+02
1.577500013061799677e+02 1.888750002176966518e+02
1.302500004353933036e+02 9.262499716994344112e+01
1.371250006530899839e+02 1.201249980407300768e+02
1.577500013061799677e+02 1.407499986938200323e+02
1.646250015238766196e+02 1.613749993469100161e+02
5.462499804073006970e+01 1.682499995646066964e+02
7.524999869382004647e+01 1.682499995646066964e+02
9.587499934691001613e+01 1.751249997823033482e+02
1.233750002176966518e+02 1.751249997823033482e+02
5.462499804073006970e+01 2.095000008707866357e+02
7.524999869382004647e+01 2.026250006530899839e+02
9.587499934691001613e+01 2.026250006530899839e+02
1.302500004353933036e+02 1.957500004353933036e+02
7.524999869382004647e+01 2.438750019592699232e+02
9.587499934691001613e+01 2.370000017415732714e+02
1.165000000000000000e+02 2.163750010884832875e+02
1.440000008707866357e+02 2.026250006530899839e+02
1.302500004353933036e+02 2.713750028300565873e+02
1.371250006530899839e+02 2.507500021769665750e+02
1.440000008707866357e+02 2.370000017415732714e+02
1.646250015238766196e+02 2.163750010884832875e+02
1.573984379160256140e+02 1.788203124167948772e+02
1.039609372503846316e+02 1.053437490015385123e+02
1.240000000000000000e+02 1.187031241679487579e+02
1.440390627496153684e+02 1.387421869175641405e+02
1.640781254992307368e+02 1.521015620839743860e+02
5.052343658474363508e+01 1.921796875832051228e+02
7.724218691756414046e+01 1.855000000000000000e+02
9.728124966717950883e+01 1.855000000000000000e+02
1.240000000000000000e+02 1.788203124167948772e+02
6.388281175115388777e+01 2.322578130824358595e+02
8.392187450076926325e+01 2.255781254992307368e+02
1.039609372503846316e+02 2.122187503328204912e+02
1.306796875832051228e+02 1.921796875832051228e+02
9.060156208397438604e+01 2.589765634152563507e+02
1.106406248335897544e+02 2.456171882488461051e+02
1.240000000000000000e+02 2.255781254992307368e+02
1.440390627496153684e+02 2.055390627496153684e+02
1.507187503328204912e+02 2.723359385816665963e+02
1.573984379160256140e+02 2.522968758320512279e+02
1.573984379160256140e+02 2.322578130824358595e+02
1.640781254992307368e+02 2.055390627496153684e+02
1.599531245267171471e+02 1.672734377366414265e+02
9.104687547328285291e+01 1.155937509465656916e+02
1.140156251577609510e+02 1.213359383676852161e+02
1.369843748422390490e+02 1.328203132099242794e+02
1.542109371055976226e+02 1.385625006310438039e+02
6.233593836768521612e+01 2.074687496844780981e+02
7.956250063104380388e+01 2.017265622633585735e+02
1.025312503155219019e+02 1.902421874211195245e+02
1.255000000000000000e+02 1.787578125788804755e+02
7.956250063104380388e+01 2.476640616323147697e+02
9.678906289440237742e+01 2.361796867900757206e+02
1.140156251577609510e+02 2.189531245267171471e+02
1.369843748422390490e+02 1.902421874211195245e+02
1.197578125788804755e+02 2.648906238956733432e+02
1.312421874211195245e+02 2.476640616323147697e+02
1.427265622633585735e+02 2.246953119478366716e+02
1.542109371055976226e+02 1.959843748422390490e+02
1.771796867900757206e+02 2.534062490534342942e+02
1.714374993689561961e+02 2.361796867900757206e+02
1.714374993689561961e+02 2.246953119478366716e+02
1.714374993689561961e+02 1.959843748422390490e+02
1.534375002510205377e+02 1.538437496234691935e+02
7.140624937244865578e+01 1.186874992469383727e+02
9.484374962346919347e+01 1.245468743096935071e+02
1.182812498744897312e+02 1.245468743096935071e+02
1.417187501255102688e+02 1.245468743096935071e+02
6.554687430969350714e+01 2.241562503765308065e+02
8.312499949795892462e+01 2.065781251882654033e+02
1.007031246862243279e+02 1.890000000000000000e+02
1.241406249372448656e+02 1.714218748117345967e+02
1.007031246862243279e+02 2.593125007530616131e+02
1.124218748117345967e+02 2.358750005020410754e+02
1.182812498744897312e+02 2.124375002510205377e+02
1.358593750627551344e+02 1.831406249372448656e+02
1.417187501255102688e+02 2.651718758158167475e+02
1.417187501255102688e+02 2.417343755647962098e+02
1.475781251882654033e+02 2.182968753137756721e+02
1.534375002510205377e+02 1.831406249372448656e+02
1.885937506275513442e+02 2.358750005020410754e+02
1.827343755647962098e+02 2.182968753137756721e+02
1.768750005020410754e+02 2.065781251882654033e+02
1.710156254392859410e+02 1.772812498744897312e+02
1.471093745458711055e+02 1.507812509082577606e+02
6.156250181651553532e+01 1.279687515137629390e+02
8.437500121101035688e+01 1.279687515137629390e+02
1.128906254541288803e+02 1.222656266651392372e+02
1.357031248486237018e+02 1.279687515137629390e+02
7.296875151376293900e+01 2.306249987889896431e+02
8.437500121101035688e+01 2.135156242431185376e+02
1.014843757568814624e+02 1.964062496972474037e+02
1.242968751513762982e+02 1.678906254541288945e+02
1.128906254541288803e+02 2.591406230321081807e+02
1.185937503027525821e+02 2.363281236376133450e+02
1.242968751513762982e+02 2.135156242431185376e+02
1.357031248486237018e+02 1.792968751513762982e+02
1.528124993944948358e+02 2.591406230321081807e+02
1.528124993944948358e+02 2.363281236376133450e+02
1.471093745458711055e+02 2.135156242431185376e+02
1.528124993944948358e+02 1.792968751513762982e+02
1.927343733348607770e+02 2.249218739403659413e+02
1.870312484862370752e+02 2.078124993944948358e+02
1.813281236376133450e+02 1.964062496972474037e+02
1.642187490917422394e+02 1.678906254541288945e+02
1.463749995913822204e+02 1.426250009534414573e+02
6.200000163447107582e+01 1.313750012258533104e+02
8.450000108964738388e+01 1.257500013620592370e+02
1.070000005448236919e+02 1.201250014982651635e+02
1.295000000000000000e+02 1.257500013620592370e+02
7.325000136205923695e+01 2.326249987741466896e+02
9.012500095344145734e+01 2.101249993189703957e+02
1.013750006810296185e+02 1.932499997275881469e+02
1.238750001362059265e+02 1.651250004086177796e+02
1.126250004086177654e+02 2.551249982293230119e+02
1.182500002724118531e+02 2.326249987741466896e+02
1.238750001362059265e+02 2.101249993189703957e+02
1.351249998637940735e+02 1.763750001362059265e+02
1.576249993189703957e+02 2.551249982293230119e+02
1.519999994551762938e+02 2.326249987741466896e+02
1.519999994551762938e+02 2.101249993189703957e+02
1.519999994551762938e+02 1.763750001362059265e+02
1.969999983655289384e+02 2.157499991827644692e+02
1.857499986379407630e+02 2.044999994551762938e+02
1.801249987741466896e+02 1.932499997275881469e+02
1.632499991827644692e+02 1.707500002724118531e+02
1.545625009840005646e+02 1.880937501640000846e+02
1.150312491799995342e+02 1.809062498359999154e+02
1.365937501640000846e+02 1.629374990159994354e+02
1.545625009840005646e+02 1.593437488519993508e+02
1.689375016400009315e+02 1.701249993439996331e+02
1.114374990159994496e+02 1.773124996719998023e+02
1.006562485239991815e+02 1.701249993439996331e+02
9.706249835999906850e+01 1.701249993439996331e+02
1.222187495079997177e+02 1.665312491799995485e+02
1.150312491799995342e+02 1.880937501640000846e+02
1.006562485239991815e+02 1.845000000000000000e+02
9.346874819599898387e+01 1.845000000000000000e+02
1.186249993439996331e+02 1.809062498359999154e+02
1.258124996719998165e+02 1.952812504920002823e+02
1.114374990159994496e+02 1.988750006560003669e+02
1.042499986879992662e+02 2.024687508200004515e+02
1.294062498359999154e+02 1.988750006560003669e+02
1.258124996719998165e+02 2.096562511480006492e+02
1.150312491799995342e+02 2.168437514760008185e+02
1.150312491799995342e+02 2.168437514760008185e+02
1.401875003280001977e+02 2.096562511480006492e+02
1.457578118503616054e+02 1.443984390158229303e+02
6.196875259855359275e+01 1.332265644489151839e+02
8.431250173236907131e+01 1.276406271654613249e+02
1.122421881496383946e+02 1.220546898820074659e+02
1.345859372834538590e+02 1.220546898820074659e+02
7.314062716546132492e+01 2.281874982676309287e+02
8.989843901582293029e+01 2.114296864172693518e+02
1.010703135827306625e+02 1.946718745669077464e+02
1.234140627165461268e+02 1.667421881496383946e+02
1.122421881496383946e+02 2.561171846849002804e+02
1.178281254330922678e+02 2.337734355510848161e+02
1.234140627165461268e+02 2.114296864172693518e+02
1.345859372834538590e+02 1.779140627165461410e+02
1.569296864172693518e+02 2.561171846849002804e+02
1.569296864172693518e+02 2.337734355510848161e+02
1.513437491338154643e+02 2.114296864172693518e+02
1.513437491338154643e+02 1.779140627165461410e+02
1.960312474014464215e+02 2.170156237007232107e+02
1.848593728345386751e+02 2.058437491338154643e+02
1.792734355510848161e+02 1.946718745669077464e+02
1.681015609841770697e+02 1.667421881496383946e+02
1.456406255850415903e+02 1.441718736349029655e+02
6.243749765983366729e+01 1.275312480498613894e+02
8.462499843988911152e+01 1.275312480498613894e+02
1.123593744149584097e+02 1.219843728548475212e+02
1.345468751950138540e+02 1.219843728548475212e+02
7.353124804986138940e+01 2.273750015601108885e+02
8.462499843988911152e+01 2.107343759750692982e+02
1.012656240249307018e+02 1.940937503900277079e+02
1.234531248049861460e+02 1.663593744149584097e+02
1.123593744149584097e+02 2.551093775351801867e+02
1.179062496099722779e+02 2.329218767551247424e+02
1.234531248049861460e+02 2.107343759750692982e+02
1.345468751950138540e+02 1.774531248049861460e+02
1.567343759750692982e+02 2.551093775351801867e+02
1.567343759750692982e+02 2.273750015601108885e+02
1.511875007800554442e+02 2.051875007800554442e+02
1.511875007800554442e+02 1.774531248049861460e+02
1.955625023401663327e+02 2.162812511700831806e+02
1.844687519501385964e+02 2.051875007800554442e+02
1.789218767551247424e+02 1.940937503900277079e+02
1.678281263650970345e+02 1.663593744149584097e+02
1.545625009840005646e+02 1.880937501640000846e+02
1.186249993439996331e+02 1.809062498359999154e+02
1.365937501640000846e+02 1.593437488519993508e+02
1.581562511480006492e+02 1.593437488519993508e+02
1.689375016400009315e+02 1.701249993439996331e+02
1.114374990159994496e+02 1.773124996719998023e+02
1.006562485239991815e+02 1.701249993439996331e+02
1.006562485239991815e+02 1.665312491799995485e+02
1.222187495079997177e+02 1.665312491799995485e+02
1.186249993439996331e+02 1.845000000000000000e+02
1.006562485239991815e+02 1.845000000000000000e+02
9.346874819599898387e+01 1.845000000000000000e+02
1.186249993439996331e+02 1.809062498359999154e+02
1.258124996719998165e+02 1.988750006560003669e+02
1.114374990159994496e+02 1.988750006560003669e+02
1.042499986879992662e+02 1.988750006560003669e+02
1.294062498359999154e+02 1.988750006560003669e+02
1.258124996719998165e+02 2.096562511480006492e+02
1.150312491799995342e+02 2.168437514760008185e+02
1.186249993439996331e+02 2.168437514760008185e+02
1.401875003280001977e+02 2.132500013120007338e+02
1.545625009840005646e+02 1.885937501640000846e+02
1.150312491799995342e+02 1.778124996719998023e+02
1.365937501640000846e+02 1.598437488519993508e+02
1.545625009840005646e+02 1.598437488519993508e+02
1.689375016400009315e+02 1.706249993439996331e+02
1.078437488519993508e+02 1.742187495079997177e+02
9.706249835999906850e+01 1.706249993439996331e+02
9.706249835999906850e+01 1.670312491799995485e+02
1.222187495079997177e+02 1.670312491799995485e+02
1.150312491799995342e+02 1.850000000000000000e+02
1.006562485239991815e+02 1.850000000000000000e+02
9.346874819599898387e+01 1.850000000000000000e+02
1.150312491799995342e+02 1.814062498359999154e+02
1.258124996719998165e+02 1.957812504920002823e+02
1.114374990159994496e+02 1.993750006560003669e+02
1.042499986879992662e+02 1.993750006560003669e+02
1.294062498359999154e+02 2.029687508200004515e+02
1.258124996719998165e+02 2.101562511480006492e+02
1.150312491799995342e+02 2.173437514760008185e+02
1.186249993439996331e+02 2.173437514760008185e+02
1.401875003280001977e+02 2.137500013120007338e+02
1.566249999621650204e+02 1.885781249952706276e+02
1.160000000000000000e+02 1.784218750047293724e+02
1.312343749858118827e+02 1.581093750236468622e+02
1.515468749668943929e+02 1.530312500283762347e+02
1.667812499527062755e+02 1.631875000189174898e+02
5.506250005675246939e+01 1.631875000189174898e+02
7.537500003783497959e+01 1.631875000189174898e+02
9.568750001891748980e+01 1.682656250141881173e+02
1.210781249952706276e+02 1.682656250141881173e+02
1.210781249952706276e+02 1.835000000000000000e+02
1.007656250141881173e+02 1.835000000000000000e+02
9.568750001891748980e+01 1.835000000000000000e+02
1.210781249952706276e+02 1.885781249952706276e+02
1.261562499905412551e+02 1.987343749858118827e+02
1.109218750047293724e+02 1.987343749858118827e+02
1.058437500094587449e+02 2.038124999810825102e+02
1.261562499905412551e+02 1.987343749858118827e+02
1.261562499905412551e+02 2.088906249763531378e+02
1.160000000000000000e+02 2.139687499716237653e+02
1.210781249952706276e+02 2.190468749668943929e+02
1.413906249763531378e+02 2.139687499716237653e+02
1.507734376314037945e+02 1.845000000000000000e+02
1.155000000000000000e+02 1.744218749624560587e+02
1.255781250375439413e+02 1.593046874061401468e+02
1.457343751126318239e+02 1.542656248873681761e+02
1.658906251877197064e+02 1.643437499249121174e+02
5.503124977473635226e+01 1.593046874061401468e+02
7.518749984982423484e+01 1.643437499249121174e+02
9.534374992491211742e+01 1.643437499249121174e+02
1.205390625187719706e+02 1.693828124436840881e+02
1.205390625187719706e+02 1.845000000000000000e+02
1.003828124436840881e+02 1.845000000000000000e+02
9.534374992491211742e+01 1.845000000000000000e+02
1.205390625187719706e+02 1.845000000000000000e+02
1.255781250375439413e+02 1.945781250375439413e+02
1.104609374812280294e+02 1.996171875563159119e+02
1.003828124436840881e+02 1.996171875563159119e+02
1.255781250375439413e+02 1.996171875563159119e+02
1.255781250375439413e+02 2.096953125938598532e+02
1.155000000000000000e+02 2.147343751126318239e+02
1.155000000000000000e+02 2.147343751126318239e+02
1.406953125938598532e+02 2.147343751126318239e+02
1.502265626293665264e+02 1.845000000000000000e+02
1.105390624815190677e+02 1.745781249630381353e+02
1.254218750369618647e+02 1.596953124075953383e+02
1.502265626293665264e+02 1.547343748891144060e+02
1.651093751848093234e+02 1.646562499260762706e+02
5.596874977822881192e+01 1.596953124075953383e+02
7.581249985215254128e+01 1.646562499260762706e+02
9.565624992607627064e+01 1.696171874445572030e+02
1.204609375184809323e+02 1.696171874445572030e+02
1.204609375184809323e+02 1.845000000000000000e+02
1.006171874445572030e+02 1.845000000000000000e+02
9.565624992607627064e+01 1.845000000000000000e+02
1.204609375184809323e+02 1.845000000000000000e+02
1.254218750369618647e+02 1.993828125554427970e+02
1.105390624815190677e+02 1.993828125554427970e+02
1.055781249630381353e+02 2.043437500739237294e+02
1.254218750369618647e+02 1.993828125554427970e+02
1.254218750369618647e+02 2.093046875924046617e+02
1.155000000000000000e+02 2.142656251108855940e+02
1.204609375184809323e+02 2.192265626293665264e+02
1.403046875924046617e+02 2.093046875924046617e+02
