4.078191295775468461e-07 1.765617071214364842e-06 3.414192406125948764e-06
-6.326943039894104004e-01 -1.078181147575378418e+00 -9.787791967391967773e-01
-9.968285560607910156e-01 -6.264873743057250977e-01 -8.115884661674499512e-01
-9.139581918716430664e-01 -4.729985445737838745e-02 -4.961513280868530273e-01
-5.976431965827941895e-01 4.801554381847381592e-01 -1.125570833683013916e-01
-4.638356566429138184e-01 -1.955155730247497559e+00 -8.483789563179016113e-01
-5.125966072082519531e-01 -1.925428867340087891e+00 -4.849922657012939453e-01
-5.505306720733642578e-01 -1.637887716293334961e+00 -9.765535593032836914e-02
-5.488090515136718750e-01 -8.812671303749084473e-01 1.548737138509750366e-01
-4.848073422908782959e-02 -1.111121773719787598e+00 -1.097664594650268555e+00
-3.395996242761611938e-02 -1.466497659683227539e+00 -9.611397981643676758e-01
-2.963113784790039062e-02 -1.649284482002258301e+00 -4.571239352226257324e-01
-8.189357072114944458e-02 -9.583655595779418945e-01 1.826313287019729614e-01
2.820437848567962646e-01 -9.311282038688659668e-01 -9.957111477851867676e-01
3.808411061763763428e-01 -1.253014802932739258e+00 -9.185280203819274902e-01
4.530815184116363525e-01 -1.437680244445800781e+00 -4.637609720230102539e-01
3.390014469623565674e-01 -8.904040455818176270e-01 1.787682622671127319e-01
6.770951747894287109e-01 -8.108318448066711426e-01 -9.251446127891540527e-01
8.527971506118774414e-01 -1.053361296653747559e+00 -7.522145509719848633e-01
9.086802005767822266e-01 -1.061949253082275391e+00 -4.056382477283477783e-01
7.418140172958374023e-01 -5.406442284584045410e-01 1.165373548865318298e-01
8.682929433234676253e-07 -2.662256690655340208e-07 2.665463171069859527e-06
-4.226847589015960693e-01 -8.671288490295410156e-01 -9.837406873703002930e-01
-9.660568237304687500e-01 -5.313079357147216797e-01 -8.476257920265197754e-01
-9.624442458152770996e-01 6.387613713741302490e-03 -4.467904567718505859e-01
-6.220002770423889160e-01 4.547264277935028076e-01 -2.175540104508399963e-02
-4.206266105175018311e-01 -2.627015829086303711e+00 -3.098331689834594727e-01
-4.244801700115203857e-01 -2.219182968139648438e+00 -8.830919861793518066e-02
-4.458712041378021240e-01 -1.732553958892822266e+00 6.466829776763916016e-02
-4.928108155727386475e-01 -8.978525400161743164e-01 1.538159996271133423e-01
-6.725512444972991943e-02 -1.071771502494812012e+00 -1.017773747444152832e+00
-4.177604243159294128e-02 -1.405102729797363281e+00 -9.861251711845397949e-01
1.132762432098388672e-02 -1.596701145172119141e+00 -5.232856869697570801e-01
-2.429856173694133759e-02 -9.566202163696289062e-01 1.316368728876113892e-01
2.114637047052383423e-01 -7.653278112411499023e-01 -1.096823453903198242e+00
3.244996368885040283e-01 -1.065808176994323730e+00 -1.071570992469787598e+00
4.507690370082855225e-01 -1.314317226409912109e+00 -6.666352152824401855e-01
3.907353579998016357e-01 -8.737698793411254883e-01 9.517389535903930664e-02
6.094392538070678711e-01 -6.732577085494995117e-01 -1.026191353797912598e+00
8.010607361793518066e-01 -9.156883358955383301e-01 -8.905181884765625000e-01
8.955719470977783203e-01 -9.456961154937744141e-01 -5.841846466064453125e-01
7.650117874145507812e-01 -4.991157054901123047e-01 2.207195386290550232e-02
1.363747514915303327e-06 -2.408613681836868636e-07 2.117247277055867016e-06
-4.720589518547058105e-01 -7.996636033058166504e-01 -1.052133202552795410e+00
-9.948138594627380371e-01 -4.915641546249389648e-01 -8.782789707183837891e-01
-9.851990342140197754e-01 5.805879831314086914e-03 -4.330292642116546631e-01
-6.422495245933532715e-01 4.290507137775421143e-01 2.191844955086708069e-02
-3.221034705638885498e-01 -2.630645751953125000e+00 -5.066690444946289062e-01
-3.345230817794799805e-01 -2.240195035934448242e+00 -2.398157566785812378e-01
-3.717603683471679688e-01 -1.754572987556457520e+00 -4.780574142932891846e-02
-4.522900879383087158e-01 -9.322327971458435059e-01 1.048028245568275452e-01
-3.283454477787017822e-02 -1.135413765907287598e+00 -1.150484681129455566e+00
7.166996598243713379e-03 -1.445882439613342285e+00 -1.077539563179016113e+00
7.379999756813049316e-02 -1.608248233795166016e+00 -6.026299595832824707e-01
1.890582777559757233e-02 -9.691160917282104492e-01 6.749109923839569092e-02
2.150661349296569824e-01 -7.131792902946472168e-01 -1.180075049400329590e+00
3.425150513648986816e-01 -1.004972338676452637e+00 -1.154525160789489746e+00
4.910925328731536865e-01 -1.260394930839538574e+00 -7.616121172904968262e-01
4.299237430095672607e-01 -8.648307323455810547e-01 2.623831853270530701e-02
5.986626744270324707e-01 -5.722382664680480957e-01 -1.106249213218688965e+00
8.077882528305053711e-01 -8.140861988067626953e-01 -9.887745380401611328e-01
9.123860001564025879e-01 -8.656569123268127441e-01 -6.784459948539733887e-01
7.886673808097839355e-01 -4.691332578659057617e-01 -3.143335878849029541e-02
1.093289824893872719e-06 4.198824399281875230e-07 2.359857234068840626e-07
-2.741241455078125000e-01 -6.384404301643371582e-01 -1.087847948074340820e+00
-8.204290270805358887e-01 -4.266943633556365967e-01 -9.596101641654968262e-01
-9.453863501548767090e-01 -1.378938555717468262e-03 -4.936650693416595459e-01
-6.589562892913818359e-01 3.930008411407470703e-01 2.459764108061790466e-02
-3.776585161685943604e-01 -2.590205430984497070e+00 -5.613163709640502930e-01
-3.586958348751068115e-01 -2.224980115890502930e+00 -2.760978043079376221e-01
-3.631519079208374023e-01 -1.751559376716613770e+00 -6.276795268058776855e-02
-3.990769982337951660e-01 -9.605958461761474609e-01 9.868142008781433105e-02
2.397226840257644653e-01 -2.088775634765625000e+00 -1.127991080284118652e+00
2.564309239387512207e-01 -2.054762363433837891e+00 -8.047490715980529785e-01
2.344353049993515015e-01 -1.798010706901550293e+00 -3.664726316928863525e-01
7.205864787101745605e-02 -9.714645147323608398e-01 5.803949758410453796e-02
1.807663589715957642e-01 -5.842862129211425781e-01 -1.041801333427429199e+00
3.306965231895446777e-01 -8.838623166084289551e-01 -1.098376393318176270e+00
5.309735536575317383e-01 -1.203771829605102539e+00 -7.677884101867675781e-01
4.732564985752105713e-01 -8.365283608436584473e-01 1.044440828263759613e-02
5.597231984138488770e-01 -4.228199422359466553e-01 -1.094995021820068359e+00
8.123553991317749023e-01 -6.870673298835754395e-01 -1.009658813476562500e+00
9.241844415664672852e-01 -7.551457881927490234e-01 -7.070061564445495605e-01
8.112607002258300781e-01 -4.257204532623291016e-01 -5.294106155633926392e-02
1.343582880508620292e-07 1.917985400723409839e-06 -9.335393542642123066e-07
-1.457776874303817749e-01 -5.123059749603271484e-01 -1.109096050262451172e+00
-7.169845700263977051e-01 -3.985436856746673584e-01 -1.009845614433288574e+00
-9.117668271064758301e-01 -1.425033994019031525e-02 -5.215230584144592285e-01
-6.819088459014892578e-01 3.436292707920074463e-01 4.137306660413742065e-02
-3.520289957523345947e-01 -2.601881742477416992e+00 -6.293273568153381348e-01
-3.302040994167327881e-01 -2.242280483245849609e+00 -3.728940188884735107e-01
-3.230893611907958984e-01 -1.768815875053405762e+00 -1.510701179504394531e-01
-3.330588638782501221e-01 -9.844588637351989746e-01 1.738639175891876221e-02
5.770332813262939453e-01 -2.551047325134277344e+00 -1.033504843711853027e+00
5.174574255943298340e-01 -2.255728721618652344e+00 -6.925109028816223145e-01
3.963327109813690186e-01 -1.809389710426330566e+00 -3.539813458919525146e-01
1.371950656175613403e-01 -9.584715962409973145e-01 -1.606906019151210785e-02
2.454876601696014404e-01 -4.931807518005371094e-01 -9.595807194709777832e-01
4.012680649757385254e-01 -7.750368714332580566e-01 -1.095279455184936523e+00
6.166656017303466797e-01 -1.105714201927185059e+00 -8.199800252914428711e-01
5.289860367774963379e-01 -7.966601252555847168e-01 -4.857455939054489136e-02
6.615779399871826172e-01 -3.298266828060150146e-01 -1.105068206787109375e+00
9.162502288818359375e-01 -5.833006501197814941e-01 -1.016653180122375488e+00
1.006824851036071777e+00 -6.454090476036071777e-01 -7.166799306869506836e-01
8.400065898895263672e-01 -3.642843365669250488e-01 -7.770114392042160034e-02
-3.494256475278234575e-07 1.539459162813727744e-06 -6.879499778733588755e-07
-2.552360296249389648e-01 -3.755289614200592041e-01 -1.198089122772216797e+00
-8.060541749000549316e-01 -3.100471794605255127e-01 -1.023581743240356445e+00
-9.564736485481262207e-01 -8.764602243900299072e-04 -4.605846405029296875e-01
-6.923688054084777832e-01 2.968186736106872559e-01 1.347137689590454102e-01
-2.654003202915191650e-01 -2.625760555267333984e+00 -7.055025100708007812e-01
-2.405327856540679932e-01 -2.262878179550170898e+00 -4.471732079982757568e-01
-2.376433312892913818e-01 -1.785236120223999023e+00 -2.169978320598602295e-01
-2.715632319450378418e-01 -1.005814552307128906e+00 -5.326193757355213165e-03
6.006091833114624023e-01 -2.431937694549560547e+00 -1.258570194244384766e+00
5.634243488311767578e-01 -2.170640468597412109e+00 -8.963669538497924805e-01
4.585424363613128662e-01 -1.756284713745117188e+00 -5.175907015800476074e-01
1.903171390295028687e-01 -9.469040632247924805e-01 -8.728841692209243774e-02
1.396626532077789307e-01 -3.826620876789093018e-01 -1.037501692771911621e+00
3.038904666900634766e-01 -6.505348682403564453e-01 -1.195673346519470215e+00
5.733540058135986328e-01 -9.913025498390197754e-01 -9.666210412979125977e-01
5.665596723556518555e-01 -7.581531405448913574e-01 -1.510447263717651367e-01
5.204372406005859375e-01 -1.852346807718276978e-01 -1.222362995147705078e+00
8.068702220916748047e-01 -4.305865764617919922e-01 -1.169574499130249023e+00
9.342939257621765137e-01 -5.006049871444702148e-01 -8.792250156402587891e-01
8.479055762290954590e-01 -3.072472810745239258e-01 -1.865779161453247070e-01
-8.226795955579291331e-08 1.314246560468745884e-06 -4.370505166662042029e-07
-2.836874723434448242e-01 -3.876313269138336182e-01 -1.176163077354431152e+00
-8.371199369430541992e-01 -3.266685903072357178e-01 -9.698253870010375977e-01
-9.677584767341613770e-01 -1.541729643940925598e-02 -4.084938168525695801e-01
-6.860193610191345215e-01 2.900493741035461426e-01 1.646632105112075806e-01
-2.632663846015930176e-01 -2.568858146667480469e+00 -7.378712892532348633e-01
-2.314749658107757568e-01 -2.229041337966918945e+00 -4.670110046863555908e-01
-2.243188172578811646e-01 -1.768959283828735352e+00 -2.222544699907302856e-01
-2.635427713394165039e-01 -1.000174760818481445e+00 5.016668699681758881e-03
5.401808023452758789e-01 -2.357354164123535156e+00 -1.302748560905456543e+00
5.278633236885070801e-01 -2.129995346069335938e+00 -9.383741617202758789e-01
4.440456628799438477e-01 -1.737029552459716797e+00 -5.458898544311523438e-01
1.916944235563278198e-01 -9.392496347427368164e-01 -9.447206556797027588e-02
1.149782538414001465e-01 -4.128940403461456299e-01 -1.052326679229736328e+00
2.758470773696899414e-01 -6.701493263244628906e-01 -1.201771497726440430e+00
5.507743358612060547e-01 -9.950159192085266113e-01 -9.769083261489868164e-01
5.624371170997619629e-01 -7.500894069671630859e-01 -1.713953912258148193e-01
4.794813990592956543e-01 -1.988674998283386230e-01 -1.231062173843383789e+00
7.662755250930786133e-01 -4.343598783016204834e-01 -1.185855984687805176e+00
9.028671979904174805e-01 -5.005610585212707520e-01 -9.012727737426757812e-01
8.364183306694030762e-01 -2.971255183219909668e-01 -2.148194313049316406e-01
-3.025036789949808735e-07 1.406895762556814589e-06 -5.809865228911803570e-07
-2.197705507278442383e-01 -4.106672108173370361e-01 -1.183203101158142090e+00
-7.851126790046691895e-01 -3.385647237300872803e-01 -1.017454028129577637e+00
-9.459800124168395996e-01 -9.833414107561111450e-03 -4.701676666736602783e-01
-6.915379762649536133e-01 3.059220612049102783e-01 1.161192506551742554e-01
-2.686915397644042969e-01 -2.628323793411254883e+00 -6.413761377334594727e-01
-2.467836439609527588e-01 -2.263671398162841797e+00 -3.889277577400207520e-01
-2.453338354825973511e-01 -1.784270405769348145e+00 -1.687099635601043701e-01
-2.796679139137268066e-01 -1.000631332397460938e+00 2.287049219012260437e-02
5.903887748718261719e-01 -2.447517871856689453e+00 -1.183560609817504883e+00
5.553001165390014648e-01 -2.190611839294433594e+00 -8.284066915512084961e-01
4.505704045295715332e-01 -1.771545767784118652e+00 -4.587166309356689453e-01
1.828177124261856079e-01 -9.484738111495971680e-01 -5.343389511108398438e-02
1.496162116527557373e-01 -4.122799634933471680e-01 -1.020984292030334473e+00
3.159294724464416504e-01 -6.874428987503051758e-01 -1.167859673500061035e+00
5.802148580551147461e-01 -1.024831414222717285e+00 -9.247169494628906250e-01
5.612971186637878418e-01 -7.666426897048950195e-01 -1.164062619209289551e-01
5.323286056518554688e-01 -2.270021587610244751e-01 -1.198955535888671875e+00
8.182731866836547852e-01 -4.736953079700469971e-01 -1.137484312057495117e+00
9.412893056869506836e-01 -5.353288650512695312e-01 -8.438092470169067383e-01
8.460634946823120117e-01 -3.184368014335632324e-01 -1.602289974689483643e-01
-8.679718348503229208e-07 1.239135144714964554e-06 1.620038290184311336e-07
-2.504603862762451172e-01 -3.713738620281219482e-01 -1.235439181327819824e+00
-8.081599473953247070e-01 -2.619249224662780762e-01 -1.056871294975280762e+00
-9.498865008354187012e-01 5.097391456365585327e-02 -4.898048639297485352e-01
-6.794590353965759277e-01 3.396210074424743652e-01 1.230277717113494873e-01
-3.865897655487060547e-01 -2.615513801574707031e+00 -6.731305718421936035e-01
-3.460251688957214355e-01 -2.254791021347045898e+00 -4.041053652763366699e-01
-3.222137093544006348e-01 -1.779894948005676270e+00 -1.739003360271453857e-01
-3.236162662506103516e-01 -9.953643083572387695e-01 4.223117977380752563e-02
4.122159481048583984e-01 -2.403657913208007812e+00 -1.271191358566284180e+00
4.144783616065979004e-01 -2.191879272460937500e+00 -8.886880874633789062e-01
3.528803586959838867e-01 -1.793303251266479492e+00 -4.806618094444274902e-01
1.421139240264892578e-01 -9.652254581451416016e-01 -4.234240204095840454e-02
4.599285125732421875e-02 -2.992546558380126953e-01 -1.038886785507202148e+00
2.174113541841506958e-01 -6.215223670005798340e-01 -1.191285729408264160e+00
4.927561283111572266e-01 -1.015810966491699219e+00 -9.591584205627441406e-01
5.289867520332336426e-01 -7.983103394508361816e-01 -1.141744554042816162e-01
4.260079264640808105e-01 -1.654047369956970215e-01 -1.220844388008117676e+00
7.276430726051330566e-01 -4.513351023197174072e-01 -1.186363101005554199e+00
8.669036626815795898e-01 -5.309160947799682617e-01 -8.952496051788330078e-01
8.339921236038208008e-01 -3.619902133941650391e-01 -1.697687506675720215e-01
5.273068381939083338e-08 1.566902710692374967e-06 9.222490007232408971e-07
-5.167373418807983398e-01 -5.426306724548339844e-01 -1.175039410591125488e+00
-9.758191108703613281e-01 -4.114787876605987549e-01 -9.253932237625122070e-01
-1.030993223190307617e+00 -2.787115424871444702e-02 -3.592230379581451416e-01
-6.856463551521301270e-01 3.284904360771179199e-01 1.520443260669708252e-01
-4.117866158485412598e-01 -2.685064792633056641e+00 -6.544648408889770508e-01
-3.650973439216613770e-01 -2.329075813293457031e+00 -4.217599928379058838e-01
-3.182153403759002686e-01 -1.847070932388305664e+00 -1.947066038846969604e-01
-3.128539323806762695e-01 -1.034190177917480469e+00 -1.305700652301311493e-02
5.032896995544433594e-01 -2.690585851669311523e+00 -1.200786352157592773e+00
4.707981646060943604e-01 -2.321129322052001953e+00 -8.463231325149536133e-01
3.805726468563079834e-01 -1.830066442489624023e+00 -5.079441666603088379e-01
1.623460501432418823e-01 -9.868206381797790527e-01 -1.238473206758499146e-01
3.803299069404602051e-01 -1.041694164276123047e+00 -1.175879240036010742e+00
4.511454403400421143e-01 -1.125425100326538086e+00 -1.163900136947631836e+00
6.032881736755371094e-01 -1.209941625595092773e+00 -8.823627829551696777e-01
5.467029213905334473e-01 -7.950378060340881348e-01 -2.181807160377502441e-01
7.739027738571166992e-01 -5.744638442993164062e-01 -1.402117490768432617e+00
9.308856725692749023e-01 -6.862848997116088867e-01 -1.204661369323730469e+00
9.981985688209533691e-01 -6.657105684280395508e-01 -8.946073055267333984e-01
8.525966405868530273e-01 -3.528634607791900635e-01 -2.863451242446899414e-01
4.789304171026742551e-07 1.537668822493287735e-06 3.100877847828087397e-06
-5.181778669357299805e-01 -9.202878475189208984e-01 -9.297628402709960938e-01
-9.868022203445434570e-01 -7.098441720008850098e-01 -7.661033272743225098e-01
-1.090623378753662109e+00 -1.339942216873168945e-01 -3.750126957893371582e-01
-7.105676531791687012e-01 3.629119098186492920e-01 -3.519689291715621948e-02
-3.772499859333038330e-01 -2.920728206634521484e+00 -2.294026911258697510e-01
-3.713250160217285156e-01 -2.504204273223876953e+00 -9.392285346984863281e-02
-3.529034852981567383e-01 -1.961132645606994629e+00 4.811892658472061157e-02
-3.480681180953979492e-01 -1.072398781776428223e+00 5.668904632329940796e-02
6.353179216384887695e-01 -3.094851970672607422e+00 -4.293773770332336426e-01
5.325556993484497070e-01 -2.583129405975341797e+00 -2.445960044860839844e-01
3.920723795890808105e-01 -1.988242626190185547e+00 -8.690673112869262695e-02
1.590567827224731445e-01 -1.042898416519165039e+00 2.717293612658977509e-02
1.024778127670288086e+00 -2.133978366851806641e+00 -7.319515943527221680e-01
9.473603367805480957e-01 -1.893111944198608398e+00 -5.717877149581909180e-01
8.572285175323486328e-01 -1.588446855545043945e+00 -3.215213716030120850e-01
5.699450373649597168e-01 -8.600086569786071777e-01 -2.477749437093734741e-02
1.581746339797973633e+00 -1.295933604240417480e+00 -9.853909611701965332e-01
1.474061369895935059e+00 -1.160236120223999023e+00 -6.856770515441894531e-01
1.344763517379760742e+00 -9.765672683715820312e-01 -4.216384291648864746e-01
9.096871018409729004e-01 -4.189275801181793213e-01 -1.010108217597007751e-01
5.093754680274287239e-07 1.531410816824063659e-06 3.423930365897831507e-06
-6.356002688407897949e-01 -1.061204314231872559e+00 -9.779757857322692871e-01
-1.003281116485595703e+00 -6.092456579208374023e-01 -8.131656050682067871e-01
-9.176916480064392090e-01 -3.400157392024993896e-02 -4.959448575973510742e-01
-5.950128436088562012e-01 4.843020141124725342e-01 -1.074762120842933655e-01
-4.716824889183044434e-01 -2.021952390670776367e+00 -8.300679922103881836e-01
-5.180591344833374023e-01 -1.958658218383789062e+00 -4.645593762397766113e-01
-5.541619658470153809e-01 -1.646781802177429199e+00 -9.347942471504211426e-02
-5.532659888267517090e-01 -8.795198798179626465e-01 1.447675228118896484e-01
-5.044450238347053528e-02 -1.099902510643005371e+00 -1.114105343818664551e+00
-3.861219063401222229e-02 -1.459928154945373535e+00 -9.787850975990295410e-01
-3.655675798654556274e-02 -1.646758556365966797e+00 -4.710374474525451660e-01
-8.701144158840179443e-02 -9.592884182929992676e-01 1.722017228603363037e-01
2.772567868232727051e-01 -9.156623482704162598e-01 -1.012106418609619141e+00
3.748037219047546387e-01 -1.245372772216796875e+00 -9.346349239349365234e-01
4.466776251792907715e-01 -1.435463190078735352e+00 -4.803776144981384277e-01
3.343291878700256348e-01 -8.932662010192871094e-01 1.696636825799942017e-01
6.709004640579223633e-01 -8.031340837478637695e-01 -9.340708255767822266e-01
8.471597433090209961e-01 -1.052227616310119629e+00 -7.631966471672058105e-01
9.016916155815124512e-01 -1.064865827560424805e+00 -4.135450124740600586e-01
7.391783595085144043e-01 -5.453436374664306641e-01 1.120793819427490234e-01
-3.328053708173683845e-07 1.362671014248917345e-06 2.210198090324411169e-06
-6.831802129745483398e-01 -5.629056692123413086e-01 -9.731662869453430176e-01
-1.138131022453308105e+00 -3.723766803741455078e-01 -7.064997553825378418e-01
-1.112215042114257812e+00 9.610833227634429932e-02 -1.956373155117034912e-01
-6.364194154739379883e-01 4.288246035575866699e-01 1.723267734050750732e-01
-7.990864515304565430e-01 -2.954085111618041992e+00 -1.836090385913848877e-01
-7.188737988471984863e-01 -2.447458982467651367e+00 -8.708386123180389404e-02
-6.006301045417785645e-01 -1.857315897941589355e+00 -6.843052804470062256e-03
-4.564373493194580078e-01 -1.003512620925903320e+00 3.182051330804824829e-02
2.018128782510757446e-01 -3.193655967712402344e+00 -8.024405837059020996e-01
1.797254532575607300e-01 -2.604636907577514648e+00 -5.497841835021972656e-01
1.217356473207473755e-01 -1.954613804817199707e+00 -3.460994958877563477e-01
2.085202373564243317e-02 -1.017596721649169922e+00 -1.059421151876449585e-01
4.156846404075622559e-01 -1.671895742416381836e+00 -1.042067289352416992e+00
3.981762528419494629e-01 -1.552777051925659180e+00 -1.002242803573608398e+00
4.534375667572021484e-01 -1.425104141235351562e+00 -7.594652175903320312e-01
4.242193698883056641e-01 -8.895667195320129395e-01 -2.273156344890594482e-01
9.564859867095947266e-01 -1.040043473243713379e+00 -1.377788186073303223e+00
9.910291433334350586e-01 -1.026307821273803711e+00 -1.152083873748779297e+00
9.909700751304626465e-01 -9.243300557136535645e-01 -8.410059213638305664e-01
7.859375476837158203e-01 -4.833564460277557373e-01 -3.249253928661346436e-01
-4.892092420050175861e-08 -3.213955892533704173e-07 3.982425369031261653e-06
-6.892424821853637695e-01 -7.578892707824707031e-01 -1.145178079605102539e+00
-1.046665787696838379e+00 -5.375549793243408203e-01 -9.143216013908386230e-01
-1.096163153648376465e+00 -6.132909655570983887e-02 -4.213390648365020752e-01
-7.105742096900939941e-01 3.646544814109802246e-01 9.732186794281005859e-03
-4.113252162933349609e-01 -2.914619684219360352e+00 -5.628557801246643066e-01
-3.984112739562988281e-01 -2.475521564483642578e+00 -3.920639753341674805e-01
-3.669925928115844727e-01 -1.946353435516357422e+00 -2.111396193504333496e-01
-3.478817939758300781e-01 -1.083113193511962891e+00 -8.496854454278945923e-02
6.362738609313964844e-01 -3.103104352951049805e+00 -7.863708734512329102e-01
5.311014056205749512e-01 -2.560333251953125000e+00 -5.513646602630615234e-01
3.878704011440277100e-01 -1.960914492607116699e+00 -3.364223837852478027e-01
1.662296205759048462e-01 -1.046082615852355957e+00 -1.221485286951065063e-01
1.049521207809448242e+00 -2.108723640441894531e+00 -9.669557213783264160e-01
9.489734768867492676e-01 -1.824449658393859863e+00 -7.904435396194458008e-01
8.530033826828002930e-01 -1.518062949180603027e+00 -5.365562438964843750e-01
5.777754187583923340e-01 -8.460818529129028320e-01 -1.658317744731903076e-01
1.601941347122192383e+00 -1.164457798004150391e+00 -1.186170101165771484e+00
1.485996007919311523e+00 -1.053052544593811035e+00 -8.804562091827392578e-01
1.347632288932800293e+00 -8.930786848068237305e-01 -6.029286384582519531e-01
9.210130572319030762e-01 -4.054226875305175781e-01 -2.056077867746353149e-01
-1.837706804508343339e-07 7.115519906619738322e-08 4.150840140937361866e-06
-6.410781145095825195e-01 -8.268847465515136719e-01 -1.121076345443725586e+00
-1.028457880020141602e+00 -5.949688553810119629e-01 -9.065322279930114746e-01
-1.098594307899475098e+00 -7.808220386505126953e-02 -4.420909881591796875e-01
-7.110694050788879395e-01 3.708924055099487305e-01 -2.979454398155212402e-02
-4.020820856094360352e-01 -2.922047853469848633e+00 -5.201471447944641113e-01
-3.941958844661712646e-01 -2.493349075317382812e+00 -3.505334854125976562e-01
-3.699441552162170410e-01 -1.961451292037963867e+00 -1.691450774669647217e-01
-3.536764383316040039e-01 -1.086266160011291504e+00 -6.602675467729568481e-02
6.265892982482910156e-01 -3.111462116241455078e+00 -6.730748414993286133e-01
5.238478779792785645e-01 -2.586555242538452148e+00 -4.602100849151611328e-01
3.830500543117523193e-01 -1.988075852394104004e+00 -2.606791257858276367e-01
1.631006747484207153e-01 -1.055426120758056641e+00 -8.105540275573730469e-02
1.130511522293090820e+00 -2.255950450897216797e+00 -8.666914105415344238e-01
1.012050509452819824e+00 -1.936119318008422852e+00 -6.713452339172363281e-01
8.847887516021728516e-01 -1.579700589179992676e+00 -4.251008629798889160e-01
5.793587565422058105e-01 -8.593191504478454590e-01 -1.108497232198715210e-01
1.712056994438171387e+00 -1.266423583030700684e+00 -1.065257668495178223e+00
1.559695959091186523e+00 -1.124643445014953613e+00 -7.515627145767211914e-01
1.394474148750305176e+00 -9.443613290786743164e-01 -4.912276268005371094e-01
9.288960695266723633e-01 -4.181154966354370117e-01 -1.457865536212921143e-01
8.107004134672024520e-08 1.090840839879092528e-07 4.103868377569597214e-06
-6.490187048912048340e-01 -8.620147109031677246e-01 -1.040981769561767578e+00
-1.042190194129943848e+00 -5.894352793693542480e-01 -8.712249398231506348e-01
-1.093307375907897949e+00 -2.724292874336242676e-02 -4.817722439765930176e-01
-6.754861474037170410e-01 4.195594489574432373e-01 -1.030129790306091309e-01
-5.467695593833923340e-01 -2.932696342468261719e+00 -4.368203878402709961e-01
-5.250406265258789062e-01 -2.480750083923339844e+00 -2.824468016624450684e-01
-4.884895682334899902e-01 -1.930221199989318848e+00 -1.321854889392852783e-01
-4.268127977848052979e-01 -1.053101539611816406e+00 -6.310921907424926758e-02
4.354447126388549805e-01 -3.172670125961303711e+00 -4.761480093002319336e-01
3.562241494655609131e-01 -2.641035556793212891e+00 -3.065694868564605713e-01
2.460194677114486694e-01 -2.021776914596557617e+00 -1.475626528263092041e-01
8.775314688682556152e-02 -1.064720869064331055e+00 -2.937010675668716431e-02
1.092953801155090332e+00 -2.535544633865356445e+00 -6.076923012733459473e-01
9.558473229408264160e-01 -2.134574413299560547e+00 -4.249562025070190430e-01
8.093817830085754395e-01 -1.699611425399780273e+00 -2.276340126991271973e-01
5.172549486160278320e-01 -9.011075496673583984e-01 -2.376674860715866089e-02
1.781367182731628418e+00 -1.564814925193786621e+00 -7.463113069534301758e-01
1.573488235473632812e+00 -1.338539958000183105e+00 -4.631996750831604004e-01
1.374658346176147461e+00 -1.092530369758605957e+00 -2.548300623893737793e-01
8.989704251289367676e-01 -4.852045476436614990e-01 -3.563302755355834961e-02
1.592718490428524092e-08 1.890996941256162245e-07 7.155239018175052479e-06
-6.772720217704772949e-01 -1.216897606849670410e+00 -9.788280129432678223e-01
-1.031117439270019531e+00 -9.216979742050170898e-01 -7.184932231903076172e-01
-1.113237380981445312e+00 -3.110403418540954590e-01 -3.328825533390045166e-01
-7.697247266769409180e-01 2.997269332408905029e-01 -3.107589483261108398e-02
2.525776624679565430e-03 -3.040248870849609375e+00 -4.227245450019836426e-01
-5.416285246610641479e-02 -2.596451520919799805e+00 -2.405529767274856567e-01
-1.071468070149421692e-01 -2.049169540405273438e+00 -4.632230848073959351e-02
-2.376142591238021851e-01 -1.166606307029724121e+00 2.753046900033950806e-02
9.486067891120910645e-01 -3.168885231018066406e+00 -5.600925683975219727e-01
7.984988093376159668e-01 -2.624383211135864258e+00 -3.559067547321319580e-01
5.971030592918395996e-01 -2.000404834747314453e+00 -1.538263559341430664e-01
2.910588383674621582e-01 -1.081421136856079102e+00 -2.873012423515319824e-02
1.504866361618041992e+00 -2.550576210021972656e+00 -8.116311430931091309e-01
1.312292218208312988e+00 -2.093039751052856445e+00 -5.444126129150390625e-01
1.092493772506713867e+00 -1.600882053375244141e+00 -3.131362199783325195e-01
6.854206919670104980e-01 -8.263795375823974609e-01 -1.122502386569976807e-01
1.903794169425964355e+00 -1.423293113708496094e+00 -1.126237630844116211e+00
1.702679157257080078e+00 -1.163755774497985840e+00 -7.588838338851928711e-01
1.507067441940307617e+00 -9.207677841186523438e-01 -5.138407945632934570e-01
9.972148537635803223e-01 -3.515769243240356445e-01 -2.227645218372344971e-01
-1.561812950967578217e-06 -1.961795987881487235e-06 3.387492370166000910e-06
-5.734767913818359375e-01 -8.870813846588134766e-01 -1.096105933189392090e+00
-9.914686083793640137e-01 -7.363768815994262695e-01 -9.234762191772460938e-01
-1.118706464767456055e+00 -2.167150974273681641e-01 -4.701390862464904785e-01
-7.484987974166870117e-01 2.653836011886596680e-01 -7.641685009002685547e-02
-4.613737575709819794e-03 -3.002431631088256836e+00 -6.081725358963012695e-01
-6.694054603576660156e-02 -2.541110754013061523e+00 -4.369909167289733887e-01
-1.191078945994377136e-01 -1.975895404815673828e+00 -2.696298062801361084e-01
-1.813124716281890869e-01 -1.107896447181701660e+00 -1.502613127231597900e-01
1.041601300239562988e+00 -3.077013731002807617e+00 -5.339975953102111816e-01
8.534173965454101562e-01 -2.529859781265258789e+00 -3.801097273826599121e-01
6.267345547676086426e-01 -1.918239235877990723e+00 -2.216307967901229858e-01
3.173066973686218262e-01 -1.004636168479919434e+00 -1.070548072457313538e-01
1.814615964889526367e+00 -2.524738550186157227e+00 -5.948049426078796387e-01
1.506859898567199707e+00 -2.024368286132812500e+00 -3.770922422409057617e-01
1.182091474533081055e+00 -1.495968341827392578e+00 -2.272690981626510620e-01
6.989198327064514160e-01 -7.557815313339233398e-01 -7.757741957902908325e-02
2.354816436767578125e+00 -1.140096426010131836e+00 -6.177515983581542969e-01
1.981482982635498047e+00 -9.100573658943176270e-01 -3.476823270320892334e-01
1.657703757286071777e+00 -7.065126299858093262e-01 -1.919350475072860718e-01
9.785524606704711914e-01 -2.662253081798553467e-01 -4.385720938444137573e-02
-1.562974034641229082e-06 -2.921961140600615181e-06 3.972771082771942019e-06
-7.170936465263366699e-01 -9.166427850723266602e-01 -1.188120126724243164e+00
-1.059953451156616211e+00 -7.455816864967346191e-01 -9.365509748458862305e-01
-1.142993211746215820e+00 -2.375877499580383301e-01 -4.270255863666534424e-01
-7.661224007606506348e-01 2.594823539257049561e-01 -2.093012630939483643e-02
4.811405763030052185e-02 -3.072700500488281250e+00 -7.634586095809936523e-01
-2.272954024374485016e-02 -2.577463865280151367e+00 -5.593341588973999023e-01
-8.920684456825256348e-02 -1.988997578620910645e+00 -3.660936057567596436e-01
-1.703130900859832764e-01 -1.129585862159729004e+00 -2.056683599948883057e-01
1.095884680747985840e+00 -3.079188108444213867e+00 -7.727907896041870117e-01
8.974336981773376465e-01 -2.515146970748901367e+00 -5.800433158874511719e-01
6.597950458526611328e-01 -1.899442195892333984e+00 -3.741675615310668945e-01
3.400057256221771240e-01 -1.011890769004821777e+00 -1.991494894027709961e-01
1.852547645568847656e+00 -2.519573688507080078e+00 -9.181062579154968262e-01
1.533312559127807617e+00 -1.996288180351257324e+00 -6.339573860168457031e-01
1.198695182800292969e+00 -1.453588724136352539e+00 -4.176764190196990967e-01
7.206153869628906250e-01 -7.405972480773925781e-01 -1.929038465023040771e-01
2.321465730667114258e+00 -1.094712972640991211e+00 -9.559714198112487793e-01
1.972280979156494141e+00 -8.781316280364990234e-01 -6.218661069869995117e-01
1.662457466125488281e+00 -6.800271868705749512e-01 -4.100652337074279785e-01
1.004436492919921875e+00 -2.467171102762222290e-01 -1.698296964168548584e-01
-1.780246634552895557e-06 -2.810967544064624235e-06 4.680988695326959714e-06
-7.277945280075073242e-01 -1.001295924186706543e+00 -1.246030211448669434e+00
-1.056628704071044922e+00 -8.042100667953491211e-01 -9.730689525604248047e-01
-1.152821660041809082e+00 -2.563471794128417969e-01 -4.527710974216461182e-01
-7.772318720817565918e-01 2.845075726509094238e-01 -4.134650528430938721e-02
4.672219976782798767e-02 -3.229200839996337891e+00 -7.179893851280212402e-01
-3.242946416139602661e-02 -2.679792881011962891e+00 -5.315327644348144531e-01
-1.061285212635993958e-01 -2.048561334609985352e+00 -3.466993868350982666e-01
-1.926642805337905884e-01 -1.166456222534179688e+00 -2.073289155960083008e-01
1.080155134201049805e+00 -3.171668291091918945e+00 -7.593069076538085938e-01
8.822665810585021973e-01 -2.578711986541748047e+00 -5.701155066490173340e-01
6.462345123291015625e-01 -1.949482202529907227e+00 -3.702891767024993896e-01
3.351250588893890381e-01 -1.051103591918945312e+00 -2.026923745870590210e-01
1.834705829620361328e+00 -2.607758045196533203e+00 -9.585494399070739746e-01
1.514981150627136230e+00 -2.055728197097778320e+00 -6.704398393630981445e-01
1.186282515525817871e+00 -1.493302583694458008e+00 -4.342450797557830811e-01
7.277916669845581055e-01 -7.789937853813171387e-01 -2.064571380615234375e-01
2.278768301010131836e+00 -1.186192750930786133e+00 -1.066615819931030273e+00
1.960837960243225098e+00 -9.537990689277648926e-01 -7.105213403701782227e-01
1.661817431449890137e+00 -7.433135509490966797e-01 -4.696375429630279541e-01
1.033692240715026855e+00 -2.793984413146972656e-01 -2.030368298292160034e-01
-1.674987515798420645e-06 -3.127030140603892505e-06 4.706064373749541119e-06
-8.132486939430236816e-01 -9.274990558624267578e-01 -1.257170796394348145e+00
-1.125167727470397949e+00 -7.313778996467590332e-01 -9.580470323562622070e-01
-1.175452947616577148e+00 -2.101572901010513306e-01 -4.169915616512298584e-01
-7.713124155998229980e-01 2.975990474224090576e-01 1.950412988662719727e-03
-4.936756566166877747e-02 -3.183155775070190430e+00 -8.224492073059082031e-01
-1.108633354306221008e-01 -2.643913745880126953e+00 -6.173127293586730957e-01
-1.607525646686553955e-01 -2.026988506317138672e+00 -4.089984893798828125e-01
-2.222333699464797974e-01 -1.150348544120788574e+00 -2.362185716629028320e-01
9.993577599525451660e-01 -3.186984062194824219e+00 -8.910402059555053711e-01
8.163391351699829102e-01 -2.588588953018188477e+00 -6.777529120445251465e-01
5.952622890472412109e-01 -1.948644757270812988e+00 -4.513579607009887695e-01
3.055763244628906250e-01 -1.045532941818237305e+00 -2.487761676311492920e-01
1.763972043991088867e+00 -2.629266500473022461e+00 -1.090853929519653320e+00
1.460091829299926758e+00 -2.075326204299926758e+00 -7.754529714584350586e-01
1.145442962646484375e+00 -1.507232427597045898e+00 -5.178961157798767090e-01
7.021687030792236328e-01 -7.815284132957458496e-01 -2.582634985446929932e-01
2.234548330307006836e+00 -1.196801662445068359e+00 -1.173142075538635254e+00
1.923578262329101562e+00 -9.640874266624450684e-01 -7.978252172470092773e-01
1.631776213645935059e+00 -7.544007897377014160e-01 -5.445320606231689453e-01
1.015483140945434570e+00 -2.876386344432830811e-01 -2.478422969579696655e-01
-1.072064378604409285e-06 -1.403391365784045774e-06 3.301715651105041616e-06
-5.275659561157226562e-01 -8.344880938529968262e-01 -1.023862719535827637e+00
-9.950240850448608398e-01 -7.206563949584960938e-01 -8.726984262466430664e-01
-1.137390017509460449e+00 -2.001032680273056030e-01 -4.342640638351440430e-01
-7.508347034454345703e-01 2.699312567710876465e-01 -5.314674228429794312e-02
-4.024793580174446106e-02 -2.998060941696166992e+00 -5.831397771835327148e-01
-9.201536327600479126e-02 -2.551435947418212891e+00 -4.348266422748565674e-01
-1.375682204961776733e-01 -1.984220504760742188e+00 -2.655384540557861328e-01
-1.942633092403411865e-01 -1.104742646217346191e+00 -1.412004530429840088e-01
1.015775799751281738e+00 -3.147539138793945312e+00 -5.128614306449890137e-01
8.272923231124877930e-01 -2.584681749343872070e+00 -3.766818046569824219e-01
6.070926189422607422e-01 -1.951495289802551270e+00 -2.227377146482467651e-01
3.032869100570678711e-01 -1.007878899574279785e+00 -1.062415167689323425e-01
1.787053465843200684e+00 -2.568482875823974609e+00 -5.443737506866455078e-01
1.487697124481201172e+00 -2.063486576080322266e+00 -3.524280488491058350e-01
1.170556783676147461e+00 -1.534211993217468262e+00 -2.259171754121780396e-01
6.882192492485046387e-01 -7.706208825111389160e-01 -8.161513507366180420e-02
2.345593214035034180e+00 -1.170659184455871582e+00 -5.821964740753173828e-01
1.978292942047119141e+00 -9.237470030784606934e-01 -3.384456634521484375e-01
1.651418924331665039e+00 -7.210903763771057129e-01 -1.922007203102111816e-01
9.678513407707214355e-01 -2.763298451900482178e-01 -4.765715077519416809e-02
2.291368730311660329e-07 1.709344360278919339e-06 3.609332452469971031e-06
-6.059395074844360352e-01 -1.022293567657470703e+00 -1.015018343925476074e+00
-9.774489998817443848e-01 -5.865367054939270020e-01 -8.344486355781555176e-01
-9.074255824089050293e-01 -2.032303810119628906e-02 -4.976001679897308350e-01
-5.931900143623352051e-01 4.878502786159515381e-01 -8.730816096067428589e-02
-4.803268611431121826e-01 -1.962682843208312988e+00 -9.430377483367919922e-01
-5.258120894432067871e-01 -1.926653504371643066e+00 -5.628989934921264648e-01
-5.603603720664978027e-01 -1.637939572334289551e+00 -1.620991080999374390e-01
-5.529840588569641113e-01 -8.856581449508666992e-01 1.107948869466781616e-01
-5.378313735127449036e-02 -1.095111966133117676e+00 -1.158721685409545898e+00
-4.326346516609191895e-02 -1.447662949562072754e+00 -1.022376894950866699e+00
-4.024029895663261414e-02 -1.634950876235961914e+00 -5.250018835067749023e-01
-8.672761917114257812e-02 -9.648881554603576660e-01 1.335567086935043335e-01
2.715065777301788330e-01 -8.703786134719848633e-01 -1.035003781318664551e+00
3.656218051910400391e-01 -1.200822353363037109e+00 -9.733715057373046875e-01
4.417081773281097412e-01 -1.410738706588745117e+00 -5.349689722061157227e-01
3.337664902210235596e-01 -8.995302319526672363e-01 1.313504278659820557e-01
6.624118089675903320e-01 -7.498421669006347656e-01 -9.615113735198974609e-01
8.386054635047912598e-01 -1.011231660842895508e+00 -8.093864917755126953e-01
8.967204093933105469e-01 -1.042153358459472656e+00 -4.627509713172912598e-01
7.380585670471191406e-01 -5.508750081062316895e-01 8.483089506626129150e-02
-1.912651299562639906e-07 1.629707355732534779e-07 3.213628360754228197e-06
-1.169783115386962891e+00 -8.569827675819396973e-01 -7.299045920372009277e-01
-1.392493128776550293e+00 -5.700197219848632812e-01 -5.704883933067321777e-01
-1.242559194564819336e+00 -3.835596144199371338e-02 -2.837291955947875977e-01
-6.911439895629882812e-01 3.791226148605346680e-01 -4.643424227833747864e-02
-4.760477542877197266e-01 -2.949208974838256836e+00 -4.972218871116638184e-01
-4.608155786991119385e-01 -2.462034940719604492e+00 -3.583894670009613037e-01
-4.240737259387969971e-01 -1.890481472015380859e+00 -2.302287071943283081e-01
-3.620037138462066650e-01 -1.038602828979492188e+00 -1.265262514352798462e-01
5.130790472030639648e-01 -3.217928647994995117e+00 -4.271947741508483887e-01
4.210813343524932861e-01 -2.663147449493408203e+00 -2.922230958938598633e-01
2.968804538249969482e-01 -2.005765199661254883e+00 -1.773760467767715454e-01
1.353382766246795654e-01 -1.020849943161010742e+00 -9.486161172389984131e-02
1.387837886810302734e+00 -2.858376026153564453e+00 -4.216960668563842773e-01
1.156654715538024902e+00 -2.303745269775390625e+00 -2.577339410781860352e-01
9.140173792839050293e-01 -1.709218025207519531e+00 -1.514219492673873901e-01
5.466605424880981445e-01 -8.533256053924560547e-01 -7.102181762456893921e-02
2.138709306716918945e+00 -1.542429208755493164e+00 -4.433878958225250244e-01
1.802856087684631348e+00 -1.231702089309692383e+00 -2.342714369297027588e-01
1.498637199401855469e+00 -9.734320044517517090e-01 -1.198632419109344482e-01
8.905422687530517578e-01 -4.156567454338073730e-01 -3.691213950514793396e-02
-7.766351473037502728e-08 -7.045530878713179845e-07 3.543696038832422346e-06
-2.140901327133178711e+00 -8.903745412826538086e-01 -2.745568156242370605e-01
-1.823425531387329102e+00 -4.536410868167877197e-01 -6.393551826477050781e-02
-1.343040704727172852e+00 -3.974813595414161682e-02 8.460767567157745361e-02
-6.961390376091003418e-01 3.219261765480041504e-01 1.938498616218566895e-01
-5.500564575195312500e-01 -2.749554634094238281e+00 -9.839919805526733398e-01
-4.789392352104187012e-01 -2.341025114059448242e+00 -7.265692949295043945e-01
-4.146083593368530273e-01 -1.826370716094970703e+00 -4.868463873863220215e-01
-3.430308997631072998e-01 -1.022071361541748047e+00 -2.305926978588104248e-01
5.048987865447998047e-01 -2.995809555053710938e+00 -1.235901355743408203e+00
4.358347654342651367e-01 -2.507741212844848633e+00 -9.272809624671936035e-01
3.264272809028625488e-01 -1.911136269569396973e+00 -6.296113133430480957e-01
1.438531130552291870e-01 -9.687374830245971680e-01 -3.115680813789367676e-01
1.309401512145996094e+00 -2.513562440872192383e+00 -1.308904647827148438e+00
1.123100876808166504e+00 -2.074944972991943359e+00 -9.925326108932495117e-01
9.084884524345397949e-01 -1.574063301086425781e+00 -6.979461312294006348e-01
5.422157645225524902e-01 -7.785497903823852539e-01 -3.512819409370422363e-01
2.013247251510620117e+00 -1.175609469413757324e+00 -1.203469276428222656e+00
1.721215248107910156e+00 -9.579157829284667969e-01 -8.819152116775512695e-01
1.464387059211730957e+00 -7.837523221969604492e-01 -6.570581197738647461e-01
8.667572736740112305e-01 -3.310811519622802734e-01 -3.141393065452575684e-01
-1.601098347236984409e-07 -1.210974232890293933e-06 3.705172730406047776e-06
-2.263810634613037109e+00 -8.918878436088562012e-01 -2.634975314140319824e-01
-1.880145907402038574e+00 -4.497372508049011230e-01 -3.699445724487304688e-02
-1.363360881805419922e+00 -5.179081857204437256e-02 1.250178068876266479e-01
-6.992490291595458984e-01 2.996158003807067871e-01 2.390103936195373535e-01
-5.673331022262573242e-01 -2.758051872253417969e+00 -1.144057989120483398e+00
-4.863987863063812256e-01 -2.343320369720458984e+00 -8.645243644714355469e-01
-4.180506765842437744e-01 -1.818284869194030762e+00 -5.979469418525695801e-01
-3.396827280521392822e-01 -1.020566344261169434e+00 -2.962293922901153564e-01
5.069697499275207520e-01 -2.931374549865722656e+00 -1.482261896133422852e+00
4.409693479537963867e-01 -2.461979866027832031e+00 -1.131142735481262207e+00
3.332161903381347656e-01 -1.876316905021667480e+00 -7.835019230842590332e-01
1.484315246343612671e-01 -9.519637823104858398e-01 -3.906027674674987793e-01
1.308029532432556152e+00 -2.412869691848754883e+00 -1.569658279418945312e+00
1.126283645629882812e+00 -1.989382386207580566e+00 -1.202878117561340332e+00
9.113615155220031738e-01 -1.511265039443969727e+00 -8.550265431404113770e-01
5.448906421661376953e-01 -7.481027245521545410e-01 -4.305703938007354736e-01
1.994664907455444336e+00 -1.035272598266601562e+00 -1.390525817871093750e+00
1.711604952812194824e+00 -8.532086610794067383e-01 -1.040923118591308594e+00
1.462588429450988770e+00 -7.015211582183837891e-01 -7.853457331657409668e-01
8.692206740379333496e-01 -2.966375648975372314e-01 -3.758454322814941406e-01
-6.003064072501729243e-07 -1.781710011528048199e-06 4.417339823703514412e-06
-2.161857366561889648e+00 -1.042692661285400391e+00 -4.359024465084075928e-01
-1.805350780487060547e+00 -5.780854225158691406e-01 -1.752080917358398438e-01
-1.338599443435668945e+00 -1.478078961372375488e-01 4.364493489265441895e-02
-7.249764204025268555e-01 2.558004558086395264e-01 2.216642498970031738e-01
-3.765297532081604004e-01 -2.786385774612426758e+00 -1.243338108062744141e+00
-3.312485814094543457e-01 -2.352496147155761719e+00 -9.554358720779418945e-01
-2.959688305854797363e-01 -1.832898616790771484e+00 -6.721886396408081055e-01
-2.726657688617706299e-01 -1.040453553199768066e+00 -3.482076525688171387e-01
7.246943712234497070e-01 -2.897351026535034180e+00 -1.562959074974060059e+00
6.182674169540405273e-01 -2.411998271942138672e+00 -1.199808359146118164e+00
4.644568562507629395e-01 -1.825824379920959473e+00 -8.359100818634033203e-01
2.188442647457122803e-01 -9.364632964134216309e-01 -4.316919744014739990e-01
1.495669126510620117e+00 -2.310084819793701172e+00 -1.666386604309082031e+00
1.273056268692016602e+00 -1.882482767105102539e+00 -1.273131132125854492e+00
1.018452763557434082e+00 -1.413913965225219727e+00 -9.018549323081970215e-01
6.029767990112304688e-01 -6.973251700401306152e-01 -4.593417942523956299e-01
2.048319816589355469e+00 -8.596848845481872559e-01 -1.463928937911987305e+00
1.759606599807739258e+00 -7.020189762115478516e-01 -1.090388417243957520e+00
1.507527232170104980e+00 -5.729288458824157715e-01 -8.249006867408752441e-01
9.028181433677673340e-01 -2.273166030645370483e-01 -3.941395282745361328e-01
-5.925852519794716500e-07 -1.904922100948169827e-06 4.074287517141783610e-06
-2.087420225143432617e+00 -1.055984258651733398e+00 -5.356125235557556152e-01
-1.764884710311889648e+00 -5.950716733932495117e-01 -2.529540657997131348e-01
-1.319548726081848145e+00 -1.602571010589599609e-01 -1.130953431129455566e-02
-7.307444214820861816e-01 2.465570271015167236e-01 1.959480941295623779e-01
-3.016592264175415039e-01 -2.749914169311523438e+00 -1.251551508903503418e+00
-2.708858847618103027e-01 -2.324990987777709961e+00 -9.576547145843505859e-01
-2.500459849834442139e-01 -1.818599462509155273e+00 -6.723107099533081055e-01
-2.481405586004257202e-01 -1.037753939628601074e+00 -3.496945202350616455e-01
8.039474487304687500e-01 -2.885585784912109375e+00 -1.525884151458740234e+00
6.808255910873413086e-01 -2.396830081939697266e+00 -1.163101196289062500e+00
5.090837478637695312e-01 -1.809772968292236328e+00 -8.034211993217468262e-01
2.417214363813400269e-01 -9.284540414810180664e-01 -4.169662892818450928e-01
1.577871918678283691e+00 -2.311846017837524414e+00 -1.604449510574340820e+00
1.335605502128601074e+00 -1.881060838699340820e+00 -1.213585734367370605e+00
1.058502316474914551e+00 -1.401273608207702637e+00 -8.522028326988220215e-01
6.221683621406555176e-01 -6.859919428825378418e-01 -4.325113594532012939e-01
2.102734804153442383e+00 -8.573201298713684082e-01 -1.386471152305603027e+00
1.797202110290527344e+00 -6.940211057662963867e-01 -1.014839410781860352e+00
1.532653689384460449e+00 -5.603101849555969238e-01 -7.611264586448669434e-01
9.125691056251525879e-01 -2.156034111976623535e-01 -3.591845035552978516e-01
-1.836568571889074519e-06 -2.362319264648249373e-06 5.178595074539771304e-06
-1.779059648513793945e+00 -1.427660822868347168e+00 -9.288933873176574707e-01
-1.570756077766418457e+00 -8.840027451515197754e-01 -6.030253767967224121e-01
-1.235464096069335938e+00 -3.628669381141662598e-01 -2.986025512218475342e-01
-7.850289344787597656e-01 1.554992198944091797e-01 -9.878575801849365234e-04
4.022535383701324463e-01 -2.919664382934570312e+00 -9.361819624900817871e-01
2.778298854827880859e-01 -2.416582107543945312e+00 -7.177210450172424316e-01
1.614897996187210083e-01 -1.887768864631652832e+00 -5.010815262794494629e-01
-2.617854997515678406e-02 -1.103210330009460449e+00 -2.828659713268280029e-01
1.538384079933166504e+00 -2.921866178512573242e+00 -9.626215696334838867e-01
1.253988742828369141e+00 -2.386020421981811523e+00 -7.024506330490112305e-01
9.166173934936523438e-01 -1.771971225738525391e+00 -4.652585685253143311e-01
4.550577700138092041e-01 -9.215831160545349121e-01 -2.624509930610656738e-01
2.237679004669189453e+00 -2.267989635467529297e+00 -1.028594970703125000e+00
1.830702304840087891e+00 -1.793583631515502930e+00 -7.164791226387023926e-01
1.394322276115417480e+00 -1.287472605705261230e+00 -4.670842587947845459e-01
7.968123555183410645e-01 -6.189764738082885742e-01 -2.315428256988525391e-01
2.397877454757690430e+00 -6.985383033752441406e-01 -9.312389492988586426e-01
2.023682594299316406e+00 -5.278191566467285156e-01 -6.205928325653076172e-01
1.702013611793518066e+00 -3.957013487815856934e-01 -4.133657813072204590e-01
1.007601976394653320e+00 -1.000765115022659302e-01 -1.616338789463043213e-01
-1.520100113339140080e-06 -9.066047255146258976e-07 4.780316885444335639e-06
-1.188151597976684570e+00 -1.957769989967346191e+00 -7.910175323486328125e-01
-1.213093161582946777e+00 -1.387372970581054688e+00 -4.998548626899719238e-01
-1.050487399101257324e+00 -7.605596184730529785e-01 -2.556779086589813232e-01
-7.835575938224792480e-01 -1.165692359209060669e-01 -4.034055769443511963e-02
1.320648789405822754e+00 -2.594604730606079102e+00 -6.844252943992614746e-01
1.054106116294860840e+00 -2.194458961486816406e+00 -5.390579700469970703e-01
7.823427319526672363e-01 -1.745463609695434570e+00 -3.707461357116699219e-01
3.363462686538696289e-01 -1.032515525817871094e+00 -2.034375220537185669e-01
2.440874099731445312e+00 -2.271144151687622070e+00 -5.728060603141784668e-01
1.993466138839721680e+00 -1.860031127929687500e+00 -4.147057533264160156e-01
1.465552449226379395e+00 -1.387845277786254883e+00 -2.776317596435546875e-01
7.267161011695861816e-01 -7.194284200668334961e-01 -1.607683748006820679e-01
2.844339132308959961e+00 -1.398505926132202148e+00 -7.279417514801025391e-01
2.329516172409057617e+00 -1.098322629928588867e+00 -4.931154251098632812e-01
1.757047653198242188e+00 -7.751940488815307617e-01 -2.988226413726806641e-01
9.536440968513488770e-01 -3.356851041316986084e-01 -1.158753409981727600e-01
2.327634334564208984e+00 1.592327654361724854e-01 -7.816891670227050781e-01
1.976911902427673340e+00 1.744736135005950928e-01 -5.052177906036376953e-01
1.670823097229003906e+00 1.725274324417114258e-01 -2.960467636585235596e-01
9.612770080566406250e-01 2.193665057420730591e-01 -4.283885657787322998e-02
-2.088883775286376476e-06 2.380687362801836571e-07 4.436248218553373590e-06
-7.479564547538757324e-01 -2.363486766815185547e+00 -5.907752513885498047e-01
-9.091649055480957031e-01 -1.756356596946716309e+00 -3.526972234249114990e-01
-8.763847947120666504e-01 -1.055463433265686035e+00 -1.647074967622756958e-01
-7.186272740364074707e-01 -3.415031731128692627e-01 -2.909953705966472626e-02
2.026955842971801758e+00 -2.218500375747680664e+00 -3.669943809509277344e-01
1.638437986373901367e+00 -1.878585934638977051e+00 -2.945847809314727783e-01
1.245076894760131836e+00 -1.493360757827758789e+00 -2.128728032112121582e-01
6.058910489082336426e-01 -8.973288536071777344e-01 -1.213720515370368958e-01
3.008523941040039062e+00 -1.505509734153747559e+00 -2.810314595699310303e-01
2.436320781707763672e+00 -1.233675360679626465e+00 -2.177522182464599609e-01
1.791085004806518555e+00 -9.195151329040527344e-01 -1.668009907007217407e-01
8.877068758010864258e-01 -4.896686673164367676e-01 -9.476877003908157349e-02
3.034466743469238281e+00 -5.170176029205322266e-01 -7.890737056732177734e-01
2.490299940109252930e+00 -3.896411061286926270e-01 -5.281002521514892578e-01
1.867133736610412598e+00 -2.486296594142913818e-01 -3.154469728469848633e-01
1.009698390960693359e+00 -6.423437595367431641e-02 -6.676559150218963623e-02
1.873238801956176758e+00 7.514842748641967773e-01 -9.980583190917968750e-01
1.649113655090332031e+00 6.915374994277954102e-01 -6.913039088249206543e-01
1.405083417892456055e+00 6.179869771003723145e-01 -4.127716124057769775e-01
8.499207496643066406e-01 4.720983207225799561e-01 -1.936311647295951843e-02
-2.803886218316620216e-06 -3.805006940638122614e-07 5.075437002233229578e-06
-5.607899427413940430e-01 -2.436113595962524414e+00 -5.819290280342102051e-01
-7.769630551338195801e-01 -1.855513930320739746e+00 -3.268106579780578613e-01
-8.044837117195129395e-01 -1.148096203804016113e+00 -1.207257434725761414e-01
-6.932814717292785645e-01 -4.108001291751861572e-01 1.826495677232742310e-02
2.265030622482299805e+00 -2.084429740905761719e+00 -4.285157620906829834e-01
1.834868907928466797e+00 -1.763441681861877441e+00 -3.607514202594757080e-01
1.390402793884277344e+00 -1.402123928070068359e+00 -2.770948410034179688e-01
6.949363350868225098e-01 -8.545157313346862793e-01 -1.603582650423049927e-01
3.177484750747680664e+00 -1.220919251441955566e+00 -4.437176287174224854e-01
2.557677745819091797e+00 -1.002180218696594238e+00 -3.685022592544555664e-01
1.876431226730346680e+00 -7.511723637580871582e-01 -2.842964231967926025e-01
9.380267262458801270e-01 -4.122325181961059570e-01 -1.571500599384307861e-01
2.983062744140625000e+00 -2.210922837257385254e-01 -1.083327531814575195e+00
2.442849636077880859e+00 -1.490359902381896973e-01 -7.626606822013854980e-01
1.837107419967651367e+00 -6.494057178497314453e-02 -4.925137162208557129e-01
1.018769979476928711e+00 3.077000007033348083e-02 -1.447424143552780151e-01
1.596531987190246582e+00 8.904760479927062988e-01 -1.237477779388427734e+00
1.445873737335205078e+00 8.292273283004760742e-01 -9.114378690719604492e-01
1.256512880325317383e+00 7.432229518890380859e-01 -5.984776616096496582e-01
8.179224133491516113e-01 5.581946969032287598e-01 -9.747462719678878784e-02
-2.725547119553084485e-06 -1.001088435259589460e-06 5.239244273980148137e-06
-4.618516266345977783e-01 -2.424241065979003906e+00 -6.604578495025634766e-01
-7.048814892768859863e-01 -1.857522726058959961e+00 -3.973817527294158936e-01
-7.683063149452209473e-01 -1.163403034210205078e+00 -1.747721880674362183e-01
-6.871302127838134766e-01 -4.268822371959686279e-01 -1.246987283229827881e-02
2.353225231170654297e+00 -2.040833234786987305e+00 -3.709818422794342041e-01
1.901602506637573242e+00 -1.725172281265258789e+00 -3.221328854560852051e-01
1.439276695251464844e+00 -1.373563766479492188e+00 -2.533997297286987305e-01
7.261348366737365723e-01 -8.419782519340515137e-01 -1.539811640977859497e-01
3.235945224761962891e+00 -1.146243095397949219e+00 -3.506006002426147461e-01
2.601301670074462891e+00 -9.411506056785583496e-01 -3.017181158065795898e-01
1.906712770462036133e+00 -7.065219879150390625e-01 -2.380216717720031738e-01
9.598349928855895996e-01 -3.904336690902709961e-01 -1.383531391620635986e-01
3.036746978759765625e+00 -1.424887776374816895e-01 -9.976719617843627930e-01
2.469007253646850586e+00 -8.287582546472549438e-02 -6.937785148620605469e-01
1.851113319396972656e+00 -1.352796517312526703e-02 -4.438523650169372559e-01
1.027154564857482910e+00 5.780139565467834473e-02 -1.201629117131233215e-01
1.619975805282592773e+00 9.388583302497863770e-01 -1.194390773773193359e+00
1.456228137016296387e+00 8.755303621292114258e-01 -8.742794394493103027e-01
1.258146882057189941e+00 7.821631431579589844e-01 -5.668388605117797852e-01
8.147244453430175781e-01 5.839126706123352051e-01 -7.617638260126113892e-02
5.077045983625794179e-08 2.050870079983724281e-06 3.619292101575410925e-06
-6.065210103988647461e-01 -1.041097044944763184e+00 -1.010397195816040039e+00
-9.669343829154968262e-01 -5.993613004684448242e-01 -8.260847926139831543e-01
-8.940221667289733887e-01 -3.790206462144851685e-02 -4.978852570056915283e-01
-5.938046574592590332e-01 4.796438217163085938e-01 -9.913277626037597656e-02
-4.580425024032592773e-01 -1.853489756584167480e+00 -9.431862831115722656e-01
-5.081812143325805664e-01 -1.860985636711120605e+00 -5.680379867553710938e-01
-5.490083098411560059e-01 -1.605895400047302246e+00 -1.543428301811218262e-01
-5.444725751876831055e-01 -8.774278163909912109e-01 1.351473629474639893e-01
-4.689070209860801697e-02 -1.098648667335510254e+00 -1.130169510841369629e+00
-3.245422989130020142e-02 -1.450943946838378906e+00 -9.865587949752807617e-01
-2.850989997386932373e-02 -1.629021048545837402e+00 -4.860373735427856445e-01
-8.111916482448577881e-02 -9.530282020568847656e-01 1.600967645645141602e-01
2.711346149444580078e-01 -8.769094347953796387e-01 -9.973507523536682129e-01
3.702385723590850830e-01 -1.205381751060485840e+00 -9.342973232269287109e-01
4.484558701515197754e-01 -1.408460736274719238e+00 -4.937386512756347656e-01
3.365631401538848877e-01 -8.854528665542602539e-01 1.571412980556488037e-01
6.502304077148437500e-01 -7.496494054794311523e-01 -9.318088889122009277e-01
8.324803113937377930e-01 -1.007929801940917969e+00 -7.778345942497253418e-01
8.947872519493103027e-01 -1.032271027565002441e+00 -4.334146976470947266e-01
7.347334623336791992e-01 -5.376949310302734375e-01 1.026940122246742249e-01
-2.668004071892937645e-06 -9.791701813810504973e-07 5.328855877451132983e-06
-4.960292279720306396e-01 -2.417254209518432617e+00 -6.542945504188537598e-01
-7.337986230850219727e-01 -1.847196459770202637e+00 -3.914282023906707764e-01
-7.884965538978576660e-01 -1.152307987213134766e+00 -1.682433336973190308e-01
-6.972390413284301758e-01 -4.145753979682922363e-01 -3.707870841026306152e-03
2.329469203948974609e+00 -2.095474004745483398e+00 -3.770779073238372803e-01
1.878730893135070801e+00 -1.768562912940979004e+00 -3.281190097332000732e-01
1.420512199401855469e+00 -1.407234072685241699e+00 -2.579180300235748291e-01
7.129082083702087402e-01 -8.601511120796203613e-01 -1.566318571567535400e-01
3.241539001464843750e+00 -1.216245770454406738e+00 -3.853438794612884521e-01
2.600201606750488281e+00 -9.964035153388977051e-01 -3.269346058368682861e-01
1.901118278503417969e+00 -7.459968924522399902e-01 -2.529842853546142578e-01
9.560551047325134277e-01 -4.108331799507141113e-01 -1.474401652812957764e-01
3.027056217193603516e+00 -2.068537324666976929e-01 -1.047291994094848633e+00
2.463259696960449219e+00 -1.339295059442520142e-01 -7.316821813583374023e-01
1.848409891128540039e+00 -5.145547911524772644e-02 -4.701967239379882812e-01
1.031100153923034668e+00 3.808311745524406433e-02 -1.344097852706909180e-01
1.627052187919616699e+00 8.959947824478149414e-01 -1.234558820724487305e+00
1.466150045394897461e+00 8.400089144706726074e-01 -9.081367254257202148e-01
1.267932891845703125e+00 7.532032728195190430e-01 -5.955106019973754883e-01
8.295260667800903320e-01 5.712460279464721680e-01 -9.397619962692260742e-02
-2.619235146994469687e-06 -9.163522918242961168e-07 5.249905825621681288e-06
-5.489455461502075195e-01 -2.395220279693603516e+00 -6.855098605155944824e-01
-7.718058824539184570e-01 -1.826953768730163574e+00 -4.094516932964324951e-01
-8.084456324577331543e-01 -1.134010553359985352e+00 -1.755616068840026855e-01
-7.014005780220031738e-01 -4.030801951885223389e-01 -2.317182719707489014e-03
2.280062198638916016e+00 -2.112523555755615234e+00 -4.458527565002441406e-01
1.839437842369079590e+00 -1.782237529754638672e+00 -3.841249346733093262e-01
1.389390587806701660e+00 -1.417109727859497070e+00 -3.010506331920623779e-01
6.941524147987365723e-01 -8.644672632217407227e-01 -1.796476244926452637e-01
3.198980331420898438e+00 -1.251902699470520020e+00 -4.421421885490417480e-01
2.567856073379516602e+00 -1.024863958358764648e+00 -3.735013008117675781e-01
1.878068685531616211e+00 -7.663668394088745117e-01 -2.890071868896484375e-01
9.433717131614685059e-01 -4.209518134593963623e-01 -1.644488275051116943e-01
3.005161285400390625e+00 -2.329947948455810547e-01 -1.080348253250122070e+00
2.449521303176879883e+00 -1.579372733831405640e-01 -7.570294141769409180e-01
1.838661074638366699e+00 -7.112925499677658081e-02 -4.888468384742736816e-01
1.026884555816650391e+00 2.437314577400684357e-02 -1.430862694978713989e-01
1.623474121093750000e+00 8.920588493347167969e-01 -1.229277491569519043e+00
1.465790987014770508e+00 8.316397070884704590e-01 -9.015246033668518066e-01
1.269538998603820801e+00 7.425003647804260254e-01 -5.893692970275878906e-01
8.335051536560058594e-01 5.577155351638793945e-01 -8.880818635225296021e-02
2.719375800097623141e-07 1.680649916124821175e-06 3.530270078044850379e-06
-5.893791913986206055e-01 -1.016837120056152344e+00 -1.034422039985656738e+00
-9.717992544174194336e-01 -5.809568762779235840e-01 -8.537546992301940918e-01
-9.038560986518859863e-01 -1.918660104274749756e-02 -5.071703791618347168e-01
-5.957224965095520020e-01 4.862411320209503174e-01 -9.012937545776367188e-02
-4.665814340114593506e-01 -1.938208460807800293e+00 -9.427254796028137207e-01
-5.158779025077819824e-01 -1.915597796440124512e+00 -5.681434869766235352e-01
-5.554552078247070312e-01 -1.636885762214660645e+00 -1.677956283092498779e-01
-5.508202910423278809e-01 -8.856975436210632324e-01 1.099658310413360596e-01
-4.169247671961784363e-02 -1.094810009002685547e+00 -1.157255291938781738e+00
-3.049301728606224060e-02 -1.444659233093261719e+00 -1.023619890213012695e+00
-3.051241301000118256e-02 -1.635995149612426758e+00 -5.266003608703613281e-01
-8.469724655151367188e-02 -9.649024009704589844e-01 1.354513913393020630e-01
2.851845026016235352e-01 -8.819448351860046387e-01 -1.043869853019714355e+00
3.810388147830963135e-01 -1.209030747413635254e+00 -9.750539660453796387e-01
4.523850679397583008e-01 -1.415513396263122559e+00 -5.311417579650878906e-01
3.359327912330627441e-01 -8.979695439338684082e-01 1.363450735807418823e-01
6.741465330123901367e-01 -7.581735253334045410e-01 -9.664916396141052246e-01
8.497780561447143555e-01 -1.014258146286010742e+00 -8.047289848327636719e-01
9.053409695625305176e-01 -1.039715170860290527e+00 -4.557366967201232910e-01
7.394244670867919922e-01 -5.474296808242797852e-01 9.293634444475173950e-02
4.306284608901478350e-07 1.909022557811113074e-06 3.700050910993013531e-06
-6.030035018920898438e-01 -9.990597963333129883e-01 -1.046703457832336426e+00
-9.618116021156311035e-01 -5.583020448684692383e-01 -8.579510450363159180e-01
-8.946651220321655273e-01 4.318505525588989258e-04 -5.085898041725158691e-01
-5.812993645668029785e-01 5.007691979408264160e-01 -8.202375471591949463e-02
-4.929400682449340820e-01 -1.912353157997131348e+00 -1.050079345703125000e+00
-5.474919080734252930e-01 -1.901430368423461914e+00 -6.571540236473083496e-01
-5.883787274360656738e-01 -1.626081705093383789e+00 -2.284810096025466919e-01
-5.702402591705322266e-01 -8.817971348762512207e-01 6.385623663663864136e-02
-4.017713293433189392e-02 -1.126765489578247070e+00 -1.234030246734619141e+00
-4.432905465364456177e-02 -1.469354629516601562e+00 -1.063725829124450684e+00
-5.925833433866500854e-02 -1.641042709350585938e+00 -5.612674355506896973e-01
-1.056835874915122986e-01 -9.703813195228576660e-01 9.247500449419021606e-02
2.876282036304473877e-01 -8.822529315948486328e-01 -1.079756855964660645e+00
3.698257803916931152e-01 -1.209991097450256348e+00 -1.000773787498474121e+00
4.287651181221008301e-01 -1.417783737182617188e+00 -5.609940290451049805e-01
3.159084916114807129e-01 -9.093877673149108887e-01 1.000043004751205444e-01
6.754231452941894531e-01 -7.594158649444580078e-01 -9.914529919624328613e-01
8.354747891426086426e-01 -1.022758841514587402e+00 -8.247885107994079590e-01
8.843834400177001953e-01 -1.062929391860961914e+00 -4.743668735027313232e-01
7.262083888053894043e-01 -5.701643228530883789e-01 7.419546693563461304e-02
1.042639496517949738e-06 -1.458115548302885145e-07 2.367954721194109879e-06
-4.408176541328430176e-01 -8.516050577163696289e-01 -9.414709210395812988e-01
-9.822762012481689453e-01 -5.081501007080078125e-01 -8.142624497413635254e-01
-9.646782279014587402e-01 3.112400323152542114e-02 -4.266092479228973389e-01
-6.063262820243835449e-01 4.707266390323638916e-01 -1.759306527674198151e-02
-5.032943487167358398e-01 -2.622364282608032227e+00 -2.416222691535949707e-01
-4.907051920890808105e-01 -2.205067157745361328e+00 -3.428438305854797363e-02
-4.950639009475708008e-01 -1.710282683372497559e+00 1.033964008092880249e-01
-5.139008164405822754e-01 -8.757267594337463379e-01 1.731389015913009644e-01
-1.072193160653114319e-01 -1.108004331588745117e+00 -9.934390783309936523e-01
-9.140118956565856934e-02 -1.433284640312194824e+00 -9.503467082977294922e-01
-3.962726518511772156e-02 -1.603929400444030762e+00 -4.895946085453033447e-01
-5.040359124541282654e-02 -9.476728439331054688e-01 1.448436528444290161e-01
1.701032966375350952e-01 -7.670291662216186523e-01 -1.075640320777893066e+00
2.755376994609832764e-01 -1.073285341262817383e+00 -1.054530262947082520e+00
4.008629620075225830e-01 -1.326091766357421875e+00 -6.534475088119506836e-01
3.641897737979888916e-01 -8.787851333618164062e-01 1.021928042173385620e-01
5.690062046051025391e-01 -6.928801536560058594e-01 -1.011585831642150879e+00
7.561525702476501465e-01 -9.421318173408508301e-01 -8.801508545875549316e-01
8.544369339942932129e-01 -9.707845449447631836e-01 -5.787058472633361816e-01
7.455378174781799316e-01 -5.170410871505737305e-01 1.990693807601928711e-02
9.205811579704459291e-07 -2.749989391759299906e-07 2.448262875986984000e-06
-4.311538338661193848e-01 -8.744636774063110352e-01 -9.478310346603393555e-01
-9.708879590034484863e-01 -5.305600762367248535e-01 -8.229754567146301270e-01
-9.610001444816589355e-01 1.652773469686508179e-02 -4.398207366466522217e-01
-6.100302338600158691e-01 4.673026800155639648e-01 -2.916028536856174469e-02
-4.870617091655731201e-01 -2.617766380310058594e+00 -2.477357089519500732e-01
-4.793141484260559082e-01 -2.207846641540527344e+00 -3.550732135772705078e-02
-4.868907928466796875e-01 -1.715768218040466309e+00 1.068235486745834351e-01
-5.110297799110412598e-01 -8.808827400207519531e-01 1.766941249370574951e-01
-9.449653327465057373e-02 -1.107970833778381348e+00 -9.754931330680847168e-01
-7.722991704940795898e-02 -1.431988477706909180e+00 -9.377508759498596191e-01
-2.723886817693710327e-02 -1.607566118240356445e+00 -4.777728915214538574e-01
-4.551439732313156128e-02 -9.506512284278869629e-01 1.536861509084701538e-01
1.830590069293975830e-01 -7.724890708923339844e-01 -1.056985020637512207e+00
2.891384959220886230e-01 -1.078539967536926270e+00 -1.039468765258789062e+00
4.148519933223724365e-01 -1.331406235694885254e+00 -6.367303133010864258e-01
3.700385093688964844e-01 -8.777401447296142578e-01 1.132249310612678528e-01
5.837161540985107422e-01 -6.941400170326232910e-01 -9.977324604988098145e-01
7.706961631774902344e-01 -9.440128803253173828e-01 -8.678547739982604980e-01
8.681203126907348633e-01 -9.733443260192871094e-01 -5.651319622993469238e-01
7.515604496002197266e-01 -5.141001343727111816e-01 2.970700152218341827e-02
8.581289421272231266e-07 -2.592509815713128773e-07 2.635701093822717667e-06
-4.022060036659240723e-01 -8.844195008277893066e-01 -9.716455936431884766e-01
-9.463404417037963867e-01 -5.481321215629577637e-01 -8.468189239501953125e-01
-9.526390433311462402e-01 -3.390014171600341797e-03 -4.574728012084960938e-01
-6.198303699493408203e-01 4.537149369716644287e-01 -3.706127032637596130e-02
-4.204117655754089355e-01 -2.617355823516845703e+00 -2.895723283290863037e-01
-4.255706965923309326e-01 -2.211831808090209961e+00 -6.786999106407165527e-02
-4.476927518844604492e-01 -1.725367188453674316e+00 8.241996169090270996e-02
-4.942123293876647949e-01 -8.935186266899108887e-01 1.622522920370101929e-01
-5.500207096338272095e-02 -1.101788640022277832e+00 -9.983165264129638672e-01
-3.002246469259262085e-02 -1.428993582725524902e+00 -9.556197524070739746e-01
1.669415459036827087e-02 -1.604643583297729492e+00 -4.899305999279022217e-01
-2.648985199630260468e-02 -9.522448182106018066e-01 1.465934813022613525e-01
2.208345830440521240e-01 -7.789539694786071777e-01 -1.070419907569885254e+00
3.328678607940673828e-01 -1.077934503555297852e+00 -1.041898369789123535e+00
4.560168981552124023e-01 -1.320968270301818848e+00 -6.360732316970825195e-01
3.881902396678924561e-01 -8.701396584510803223e-01 1.134754419326782227e-01
6.165059804916381836e-01 -6.816966533660888672e-01 -1.001350164413452148e+00
8.063087463378906250e-01 -9.231623411178588867e-01 -8.645481467247009277e-01
8.979685306549072266e-01 -9.510427117347717285e-01 -5.576361417770385742e-01
7.625893950462341309e-01 -4.982469081878662109e-01 3.853778541088104248e-02
